10 100 50 0.000884 430
15 100 50 0.002558 465
20 100 50 0.004198 449
25 100 50 0.007305 482
30 100 50 0.012574 509
35 100 50 0.020934 621
40 100 50 0.029302 701
45 100 50 0.039871 728
50 100 50 0.052163 764
55 100 50 0.055559 707
60 100 50 0.093336 745
65 100 50 0.101422 833
70 100 50 0.115693 793
75 100 50 0.118740 761
80 100 50 0.160268 863
85 100 50 0.174891 809
90 100 50 0.194162 826
95 100 50 0.261103 776
100 100 50 0.267478 889
105 100 50 0.293186 868
110 100 50 0.306246 829
115 100 50 0.390821 932
120 100 50 0.394011 879
125 100 50 0.432695 930
130 100 50 0.404527 971
135 100 50 0.454367 991
140 100 50 0.481564 921
145 100 50 0.506036 919
150 100 50 0.515532 851
155 100 50 0.606096 972
160 100 50 0.691421 1039
165 100 50 0.675516 996
170 100 50 0.789059 1030
175 100 50 0.821402 1013
180 100 50 1.019139 1081
185 100 50 1.367913 1093
190 100 50 1.046739 1073
195 100 50 1.354486 1016
200 100 50 1.172609 1026
205 100 50 1.266551 1120
210 100 50 1.272309 1049
215 100 50 1.366198 1052
220 100 50 1.394157 1080
225 100 50 1.457970 1062
230 100 50 1.608443 1125
235 100 50 1.620263 1112
240 100 50 1.695146 1066
245 100 50 1.881480 1097
250 100 50 1.958862 1147
255 100 50 1.975004 1141
260 100 50 2.127095 1130
265 100 50 2.263047 1149
270 100 50 2.259294 1104
275 100 50 2.453863 1129
280 100 50 2.477937 1166
285 100 50 2.393744 1075
290 100 50 3.803971 1218
295 100 50 2.633836 1163
300 100 50 3.036739 1185
305 100 50 3.024028 1157
310 100 50 3.340547 1212
315 100 50 3.428325 1150
