10 10 50 0.000364 47
10 12 50 0.000250 42
10 14 50 0.000267 48
10 16 50 0.000263 53
10 18 50 0.000292 67
10 20 50 0.000306 65
10 22 50 0.000251 67
10 24 50 0.000322 86
10 26 50 0.000296 86
10 28 50 0.000412 121
10 30 50 0.000463 117
10 32 50 0.000476 127
10 34 50 0.000413 124
10 36 50 0.000478 130
10 38 50 0.000498 158
10 40 50 0.000387 127
10 42 50 0.000549 161
10 44 50 0.000528 145
10 46 50 0.000506 161
10 48 50 0.000757 236
10 50 50 0.000806 258
10 52 50 0.000656 231
10 54 50 0.000804 253
10 56 50 0.000748 252
10 58 50 0.000617 235
10 60 50 0.000689 232
10 62 50 0.000567 216
10 64 50 0.000861 291
10 66 50 0.000745 278
10 68 50 0.000673 254
10 70 50 0.000670 225
10 72 50 0.000779 274
10 74 50 0.000753 259
10 76 50 0.000977 337
10 78 50 0.000750 285
10 80 50 0.000873 312
10 82 50 0.001103 371
10 84 50 0.000825 331
10 86 50 0.001064 387
10 88 50 0.000993 350
10 90 50 0.001209 443
10 92 50 0.001386 428
10 94 50 0.001252 350
10 96 50 0.001652 420
10 98 50 0.001943 421
