10 100 0 0.001835 1038
15 100 0 0.007313 1517
20 100 0 0.017754 1860
25 100 0 0.030276 2097
30 100 0 0.044685 2497
35 100 0 0.061876 2763
40 100 0 0.090367 3140
45 100 0 0.134426 3490
50 100 0 0.192456 3852
55 100 0 0.241283 4133
60 100 0 0.304239 4435
65 100 0 0.388033 4745
70 100 0 0.521355 5146
75 100 0 0.654786 5505
80 100 0 0.892909 5847
85 100 0 0.959165 6092
90 100 0 1.169646 6454
95 100 0 1.413206 6836
100 100 0 1.595159 7098
105 100 0 1.953591 7505
110 100 0 2.217847 7727
115 100 0 2.511063 8077
120 100 0 3.007940 8446
125 100 0 3.319336 8828
130 100 0 2.869080 9047
135 100 0 3.254860 9420
140 100 0 3.578463 9653
145 100 0 3.992889 10068
150 100 0 4.315361 10271
155 100 0 4.890204 10824
160 100 0 5.325853 11063
165 100 0 5.792686 11341
170 100 0 6.451035 11707
175 100 0 6.999404 12014
180 100 0 7.724030 12424
185 100 0 8.302252 12662
190 100 0 9.248758 13164
195 100 0 9.869887 13442
200 100 0 10.748075 13736
205 100 0 11.279840 14024
210 100 0 12.860422 14377
215 100 0 14.798867 14741
220 100 0 15.235954 15068
225 100 0 15.711149 15289
230 100 0 17.289846 15720
235 100 0 18.890869 15968
240 100 0 19.001301 16305
245 100 0 20.025043 16577
250 100 0 21.740522 17112
255 100 0 26.015106 17317
260 100 0 26.194485 17790
265 100 0 26.060196 17951
270 100 0 30.794806 18189
275 100 0 31.415915 18584
280 100 0 32.459381 18855
285 100 0 34.225536 19345
290 100 0 36.651497 19593
295 100 0 37.518684 19744
300 100 0 40.486038 20360
305 100 0 45.251255 20502
310 100 0 51.933723 20966
315 100 0 47.630466 21120
