10 10 50 0.000079 31
15 10 50 0.000214 37
20 10 50 0.000403 40
25 10 50 0.000634 41
30 10 50 0.001039 48
35 10 50 0.001708 53
40 10 50 0.002146 51
45 10 50 0.002878 52
50 10 50 0.003813 55
55 10 50 0.006078 66
60 10 50 0.005371 62
65 10 50 0.007726 62
70 10 50 0.011399 61
75 10 50 0.016695 67
80 10 50 0.014437 70
85 10 50 0.013820 70
90 10 50 0.017499 72
95 10 50 0.016401 66
100 10 50 0.017923 62
105 10 50 0.024984 76
110 10 50 0.026125 75
115 10 50 0.019724 58
120 10 50 0.030299 60
125 10 50 0.047342 78
130 10 50 0.023760 61
135 10 50 0.030927 68
140 10 50 0.031896 68
145 10 50 0.041813 67
150 10 50 0.037871 66
155 10 50 0.047929 88
160 10 50 0.048032 75
165 10 50 0.044172 65
170 10 50 0.053559 73
175 10 50 0.056343 70
180 10 50 0.068629 82
185 10 50 0.059037 70
190 10 50 0.065878 74
195 10 50 0.091889 91
200 10 50 0.085531 85
205 10 50 0.081318 77
210 10 50 0.100971 92
215 10 50 0.105878 86
220 10 50 0.111389 86
225 10 50 0.108936 82
230 10 50 0.116940 83
235 10 50 0.118852 85
240 10 50 0.122826 83
245 10 50 0.133211 85
250 10 50 0.121626 76
255 10 50 0.154093 93
260 10 50 0.161720 84
265 10 50 0.205010 82
270 10 50 0.167859 82
275 10 50 0.180402 89
280 10 50 0.197715 89
285 10 50 0.184885 80
290 10 50 0.190365 83
295 10 50 0.210352 90
300 10 50 0.237804 96
305 10 50 0.211355 86
310 10 50 0.235065 89
315 10 50 0.249937 89
