10 10 0 0.000383 114
15 10 0 0.000658 123
20 10 0 0.001163 142
25 10 0 0.002203 164
30 10 0 0.003146 187
35 10 0 0.005004 229
40 10 0 0.007292 252
45 10 0 0.010180 277
50 10 0 0.013473 294
55 10 0 0.018214 314
60 10 0 0.035192 354
65 10 0 0.044336 370
70 10 0 0.051804 396
75 10 0 0.052028 425
80 10 0 0.060536 448
85 10 0 0.071659 478
90 10 0 0.092652 506
95 10 0 0.108824 525
100 10 0 0.117277 552
105 10 0 0.135929 577
110 10 0 0.198368 608
115 10 0 0.178377 615
120 10 0 0.199626 646
125 10 0 0.230345 680
130 10 0 0.220907 702
135 10 0 0.251486 717
140 10 0 0.281310 762
145 10 0 0.317860 777
150 10 0 0.341551 799
155 10 0 0.452503 821
160 10 0 0.405116 847
165 10 0 0.443507 880
170 10 0 0.485046 906
175 10 0 0.512455 925
180 10 0 0.573739 956
185 10 0 0.609671 973
190 10 0 0.671027 1003
195 10 0 0.737401 1029
200 10 0 0.793580 1051
205 10 0 0.856728 1073
210 10 0 0.889948 1102
215 10 0 0.970019 1130
220 10 0 1.058152 1144
225 10 0 1.157644 1181
230 10 0 1.277667 1209
235 10 0 1.321947 1233
240 10 0 1.338683 1248
245 10 0 1.437909 1278
250 10 0 1.619164 1312
255 10 0 1.691197 1326
260 10 0 1.843366 1345
265 10 0 1.920325 1382
270 10 0 1.976645 1398
275 10 0 2.263057 1437
280 10 0 2.530854 1440
285 10 0 3.018037 1486
290 10 0 3.060246 1500
295 10 0 2.729749 1523
300 10 0 2.836684 1549
305 10 0 3.066820 1571
310 10 0 3.102959 1597
315 10 0 3.323091 1629
