10 10 0 0.000160 77
10 12 0 0.000195 90
10 14 0 0.000247 119
10 16 0 0.000240 129
10 18 0 0.000321 165
10 20 0 0.000315 170
10 22 0 0.000420 220
10 24 0 0.000409 216
10 26 0 0.000611 270
10 28 0 0.000455 231
10 30 0 0.000524 274
10 32 0 0.000765 339
10 34 0 0.000605 314
10 36 0 0.000763 366
10 38 0 0.000640 342
10 40 0 0.000791 403
10 42 0 0.000735 407
10 44 0 0.000653 387
10 46 0 0.000819 424
10 48 0 0.000875 472
10 50 0 0.000925 487
10 52 0 0.001036 515
10 54 0 0.001102 545
10 56 0 0.001099 536
10 58 0 0.001846 613
10 60 0 0.001976 614
10 62 0 0.001484 666
10 64 0 0.001245 666
10 66 0 0.001187 671
10 68 0 0.001186 650
10 70 0 0.001381 723
10 72 0 0.001265 712
10 74 0 0.001450 782
10 76 0 0.001414 720
10 78 0 0.001587 789
10 80 0 0.002051 901
10 82 0 0.002268 862
10 84 0 0.002548 969
10 86 0 0.001950 817
10 88 0 0.002079 918
10 90 0 0.001839 881
10 92 0 0.001980 955
10 94 0 0.002688 1069
10 96 0 0.001866 955
10 98 0 0.001990 1014
