10 100 0 0.004723 1068
15 100 0 0.015189 1628
20 100 0 0.028025 1792
25 100 0 0.047586 2089
30 100 0 0.080006 2438
35 100 0 0.124365 2774
40 100 0 0.188439 3191
45 100 0 0.255625 3405
50 100 0 0.371439 3906
55 100 0 0.485520 4142
60 100 0 0.648296 4591
65 100 0 0.810227 4763
70 100 0 1.024776 5054
75 100 0 1.308803 5437
80 100 0 1.658838 5785
85 100 0 2.010060 6178
90 100 0 2.521627 6590
95 100 0 2.892672 6742
100 100 0 3.419796 7143
105 100 0 3.991497 7557
110 100 0 4.662595 7837
115 100 0 5.324411 8108
120 100 0 6.252991 8525
125 100 0 6.993591 8872
130 100 0 7.507546 9204
135 100 0 8.393147 9390
140 100 0 9.322495 9711
145 100 0 10.813445 10178
150 100 0 12.108231 10518
155 100 0 13.059661 10759
160 100 0 14.407510 11082
165 100 0 15.642147 11370
170 100 0 17.291464 11625
175 100 0 19.214064 12085
180 100 0 20.672256 12385
185 100 0 26.411261 12656
190 100 0 25.264372 12828
195 100 0 28.654676 13378
200 100 0 31.269363 13683
