10 10 50 0.000639 33
10 12 50 0.000371 35
10 14 50 0.000463 46
10 16 50 0.000450 53
10 18 50 0.000420 57
10 20 50 0.000407 62
10 22 50 0.000492 70
10 24 50 0.000473 84
10 26 50 0.000785 140
10 28 50 0.000469 102
10 30 50 0.000501 108
10 32 50 0.000678 135
10 34 50 0.000746 149
10 36 50 0.000785 156
10 38 50 0.000694 144
10 40 50 0.000826 171
10 42 50 0.000886 179
10 44 50 0.000790 174
10 46 50 0.000972 190
10 48 50 0.001214 237
10 50 50 0.000800 183
10 52 50 0.001267 244
10 54 50 0.000996 213
10 56 50 0.001110 235
10 58 50 0.000858 200
10 60 50 0.000901 184
10 62 50 0.001019 225
10 64 50 0.001136 244
10 66 50 0.001112 255
10 68 50 0.001258 276
10 70 50 0.001356 299
10 72 50 0.001950 376
10 74 50 0.001267 276
10 76 50 0.001258 273
10 78 50 0.001157 291
10 80 50 0.001402 305
10 82 50 0.001258 276
10 84 50 0.002272 473
10 86 50 0.001517 323
10 88 50 0.001614 387
10 90 50 0.001543 328
10 92 50 0.001552 323
10 94 50 0.002064 418
10 96 50 0.001575 361
10 98 50 0.001762 370
