10 10 50 0.000161 28
15 10 50 0.000409 32
20 10 50 0.000904 39
25 10 50 0.001426 42
30 10 50 0.002149 43
35 10 50 0.003360 50
40 10 50 0.004512 49
45 10 50 0.005758 47
50 10 50 0.006725 47
55 10 50 0.011935 55
60 10 50 0.011434 51
65 10 50 0.016878 55
70 10 50 0.017986 48
75 10 50 0.021411 54
80 10 50 0.022719 56
85 10 50 0.028012 56
90 10 50 0.030330 53
95 10 50 0.032700 54
100 10 50 0.044852 69
105 10 50 0.063063 76
110 10 50 0.060470 72
115 10 50 0.060462 60
120 10 50 0.060400 55
125 10 50 0.073430 61
130 10 50 0.089901 69
135 10 50 0.076928 58
140 10 50 0.089856 64
145 10 50 0.088059 57
150 10 50 0.104030 64
155 10 50 0.118012 69
160 10 50 0.147543 79
165 10 50 0.137276 72
170 10 50 0.183421 79
175 10 50 0.164533 72
180 10 50 0.197170 80
185 10 50 0.213845 82
190 10 50 0.248267 92
195 10 50 0.229000 83
200 10 50 0.247608 78
205 10 50 0.246049 77
210 10 50 0.276516 83
215 10 50 0.311981 84
220 10 50 0.250559 72
225 10 50 0.328855 82
230 10 50 0.330680 83
235 10 50 0.390683 91
240 10 50 0.375313 83
245 10 50 0.398756 84
250 10 50 0.422283 87
255 10 50 0.427503 83
260 10 50 0.502045 85
265 10 50 0.506067 88
270 10 50 0.519834 76
275 10 50 0.606676 91
280 10 50 0.606964 87
285 10 50 0.645889 87
290 10 50 0.693937 87
295 10 50 0.847737 102
300 10 50 0.793598 91
305 10 50 0.859514 94
310 10 50 0.898479 95
315 10 50 1.209203 87
