10 10 0 0.000352 83
15 10 0 0.000955 112
20 10 0 0.001791 133
25 10 0 0.004190 173
30 10 0 0.006325 191
35 10 0 0.011588 240
40 10 0 0.019470 257
45 10 0 0.024100 277
50 10 0 0.036246 299
55 10 0 0.053449 319
60 10 0 0.075356 337
65 10 0 0.059066 360
70 10 0 0.079280 407
75 10 0 0.103985 430
80 10 0 0.123709 452
85 10 0 0.150787 474
90 10 0 0.184913 491
95 10 0 0.219211 522
100 10 0 0.254052 528
105 10 0 0.304823 575
110 10 0 0.339708 586
115 10 0 0.413940 628
120 10 0 0.452676 638
125 10 0 0.536034 680
130 10 0 0.564881 700
135 10 0 0.627751 719
140 10 0 0.721099 753
145 10 0 0.802879 771
150 10 0 0.880528 800
155 10 0 0.973390 819
160 10 0 1.110670 860
165 10 0 1.207085 881
170 10 0 1.336654 905
175 10 0 1.465824 930
180 10 0 1.580004 950
185 10 0 1.877891 979
190 10 0 1.923732 1009
195 10 0 2.061268 1031
200 10 0 2.204778 1049
205 10 0 2.345295 1061
210 10 0 2.586873 1101
215 10 0 2.799718 1129
220 10 0 3.005599 1158
225 10 0 3.268943 1184
230 10 0 3.550045 1224
235 10 0 3.669522 1225
240 10 0 3.877505 1236
245 10 0 4.223736 1273
250 10 0 4.610539 1305
255 10 0 4.841548 1323
260 10 0 5.224985 1354
265 10 0 5.661907 1385
270 10 0 6.111835 1409
275 10 0 6.464083 1419
280 10 0 6.899561 1445
285 10 0 7.629155 1490
290 10 0 8.172313 1491
295 10 0 8.961386 1531
300 10 0 9.695980 1553
305 10 0 10.345476 1560
310 10 0 11.665656 1596
315 10 0 13.335890 1636
