10 10 0 0.000386 77
10 12 0 0.000536 104
10 14 0 0.000740 152
10 16 0 0.000556 138
10 18 0 0.000583 160
10 20 0 0.000692 180
10 22 0 0.001024 215
10 24 0 0.001037 217
10 26 0 0.001012 240
10 28 0 0.001204 274
10 30 0 0.001202 292
10 32 0 0.001556 337
10 34 0 0.001305 319
10 36 0 0.001457 371
10 38 0 0.001268 360
10 40 0 0.001874 431
10 42 0 0.001785 466
10 44 0 0.001731 438
10 46 0 0.001508 407
10 48 0 0.001648 452
10 50 0 0.001795 484
10 52 0 0.001999 516
10 54 0 0.001939 533
10 56 0 0.001962 547
10 58 0 0.002813 615
10 60 0 0.002558 598
10 62 0 0.002571 639
10 64 0 0.002665 635
10 66 0 0.002980 691
10 68 0 0.002862 668
10 70 0 0.002817 678
10 72 0 0.003222 738
10 74 0 0.002851 680
10 76 0 0.003114 767
10 78 0 0.003537 803
10 80 0 0.003138 750
10 82 0 0.003033 755
10 84 0 0.003908 924
10 86 0 0.003778 890
10 88 0 0.003822 914
10 90 0 0.003072 793
10 92 0 0.003655 903
10 94 0 0.004366 1002
10 96 0 0.003695 940
10 98 0 0.003684 967
