10 100 50 0.002208 402
15 100 50 0.005488 476
20 100 50 0.010037 516
25 100 50 0.021884 595
30 100 50 0.035014 606
35 100 50 0.046892 651
40 100 50 0.054265 610
45 100 50 0.081502 729
50 100 50 0.089108 678
55 100 50 0.115567 710
60 100 50 0.167075 744
65 100 50 0.213742 783
70 100 50 0.269755 864
75 100 50 0.308072 773
80 100 50 0.351342 801
85 100 50 0.436769 858
90 100 50 0.505960 860
95 100 50 0.539703 785
100 100 50 0.608620 882
105 100 50 0.726189 905
110 100 50 0.888966 948
115 100 50 0.957171 900
120 100 50 1.039808 868
125 100 50 1.264699 913
130 100 50 1.174436 879
135 100 50 1.375560 1043
140 100 50 1.445907 930
145 100 50 1.460426 916
150 100 50 1.516371 955
155 100 50 1.813379 947
160 100 50 2.225945 1049
165 100 50 1.939732 974
170 100 50 2.455167 972
175 100 50 2.580336 1029
180 100 50 2.696838 1076
185 100 50 2.801045 912
190 100 50 3.326725 1111
195 100 50 3.342098 1141
200 100 50 3.300855 978
205 100 50 3.707035 1113
210 100 50 4.500859 1119
215 100 50 4.389328 1077
220 100 50 5.128423 1016
225 100 50 4.775611 1146
230 100 50 4.518043 1054
235 100 50 5.254392 1116
240 100 50 5.549529 1180
245 100 50 6.511380 1186
250 100 50 5.544423 1066
255 100 50 6.269417 1107
260 100 50 6.487287 1156
265 100 50 7.109974 1069
270 100 50 7.589423 1076
275 100 50 8.222872 1094
280 100 50 10.150963 1130
285 100 50 9.705080 1078
290 100 50 12.167343 1201
295 100 50 11.937427 1255
300 100 50 12.736080 1113
305 100 50 13.182120 1138
310 100 50 15.240435 1162
315 100 50 16.103090 1156
