10 100 0 0.000040 987
20 100 0 0.000132 1803
30 100 0 0.000258 2437
40 100 0 0.000380 3166
50 100 0 0.000596 3802
60 100 0 0.000750 4499
70 100 0 0.000979 5093
80 100 0 0.001194 5753
90 100 0 0.001812 6382
100 100 0 0.002045 7069
110 100 0 0.003229 7831
120 100 0 0.003305 8484
130 100 0 0.003372 9069
140 100 0 0.006154 9701
150 100 0 0.005876 10385
160 100 0 0.006286 11053
170 100 0 0.006141 11661
180 100 0 0.006180 12287
190 100 0 0.006349 12876
200 100 0 0.007261 13716
210 100 0 0.008583 14438
220 100 0 0.008747 15059
230 100 0 0.009724 15545
240 100 0 0.012122 16326
250 100 0 0.011675 17035
260 100 0 0.012562 17603
270 100 0 0.012680 18260
280 100 0 0.014511 18982
290 100 0 0.015623 19597
300 100 0 0.017482 20112
310 100 0 0.016613 20786
320 100 0 0.018440 21393
330 100 0 0.019891 22309
340 100 0 0.020477 22945
350 100 0 0.021575 23469
360 100 0 0.022989 24018
370 100 0 0.029947 24846
380 100 0 0.025094 25460
390 100 0 0.031101 26213
400 100 0 0.030807 26665
410 100 0 0.035781 27299
420 100 0 0.034114 28026
430 100 0 0.035344 28499
440 100 0 0.034707 29385
450 100 0 0.038096 30043
460 100 0 0.041040 30703
470 100 0 0.050346 31302
480 100 0 0.040180 31884
490 100 0 0.049824 32527
500 100 0 0.060490 33119
510 100 0 0.051974 33848
520 100 0 0.048724 34617
530 100 0 0.050740 35056
540 100 0 0.052918 35858
550 100 0 0.054938 36478
560 100 0 0.056866 37186
570 100 0 0.058625 37800
580 100 0 0.061944 38277
590 100 0 0.065143 38863
600 100 0 0.069046 39662
610 100 0 0.072576 40197
620 100 0 0.075913 41005
630 100 0 0.077522 41626
640 100 0 0.075728 42117
650 100 0 0.078212 42926
660 100 0 0.079534 43585
670 100 0 0.095581 44147
680 100 0 0.089268 44937
690 100 0 0.109021 45513
700 100 0 0.104517 46049
710 100 0 0.100374 46650
720 100 0 0.094820 47588
730 100 0 0.098614 48104
740 100 0 0.114609 48661
750 100 0 0.104433 49377
760 100 0 0.107674 50074
770 100 0 0.116057 50628
780 100 0 0.121877 51383
790 100 0 0.142732 52088
800 100 0 0.129066 52660
810 100 0 0.118853 53346
820 100 0 0.132507 53958
830 100 0 0.133239 54674
840 100 0 0.131515 55354
850 100 0 0.128455 55907
860 100 0 0.131235 56522
870 100 0 0.142911 57059
880 100 0 0.146557 57747
890 100 0 0.145070 58572
900 100 0 0.147021 59244
910 100 0 0.151368 59753
920 100 0 0.156329 60425
930 100 0 0.158181 61132
940 100 0 0.160847 61608
950 100 0 0.164116 62362
960 100 0 0.168586 63068
970 100 0 0.171628 63488
980 100 0 0.175203 64180
990 100 0 0.211796 64979
