10 10 50 0.000025 26
20 10 50 0.000082 35
30 10 50 0.000174 37
40 10 50 0.000303 43
50 10 50 0.000373 44
60 10 50 0.000463 49
70 10 50 0.000652 46
80 10 50 0.000815 53
90 10 50 0.001046 56
100 10 50 0.001310 55
110 10 50 0.001583 55
120 10 50 0.001866 57
130 10 50 0.003309 72
140 10 50 0.002720 80
150 10 50 0.003330 84
160 10 50 0.007890 80
170 10 50 0.005339 66
180 10 50 0.005912 70
190 10 50 0.007158 80
200 10 50 0.006187 83
210 10 50 0.008340 70
220 10 50 0.007545 70
230 10 50 0.007496 86
240 10 50 0.009493 89
250 10 50 0.009087 99
260 10 50 0.011350 87
270 10 50 0.009480 86
280 10 50 0.010056 91
290 10 50 0.014668 86
300 10 50 0.013468 97
310 10 50 0.012260 79
320 10 50 0.013934 85
330 10 50 0.013573 99
340 10 50 0.014481 103
350 10 50 0.015434 89
360 10 50 0.016336 97
370 10 50 0.017540 90
380 10 50 0.021261 85
390 10 50 0.020629 89
400 10 50 0.025780 80
410 10 50 0.021859 88
420 10 50 0.024773 94
430 10 50 0.025749 87
440 10 50 0.031135 95
450 10 50 0.030269 118
460 10 50 0.032248 96
470 10 50 0.034679 96
480 10 50 0.032339 91
490 10 50 0.033917 98
500 10 50 0.037220 102
510 10 50 0.055997 94
520 10 50 0.043900 98
530 10 50 0.042044 106
540 10 50 0.042318 103
550 10 50 0.047998 98
560 10 50 0.048624 115
570 10 50 0.051730 108
580 10 50 0.051801 106
590 10 50 0.053637 107
600 10 50 0.056759 107
610 10 50 0.059445 94
620 10 50 0.058254 108
630 10 50 0.058448 105
640 10 50 0.066397 111
650 10 50 0.059913 95
660 10 50 0.063785 107
670 10 50 0.064535 110
680 10 50 0.067835 100
690 10 50 0.075749 104
700 10 50 0.073538 98
710 10 50 0.074271 109
720 10 50 0.079732 109
730 10 50 0.086403 105
740 10 50 0.085292 108
750 10 50 0.087858 101
760 10 50 0.094046 111
770 10 50 0.089455 97
780 10 50 0.103005 114
790 10 50 0.104431 111
800 10 50 0.099966 105
810 10 50 0.104366 120
820 10 50 0.107312 108
830 10 50 0.109693 104
840 10 50 0.113583 108
850 10 50 0.127897 105
860 10 50 0.134812 106
870 10 50 0.120770 117
880 10 50 0.147356 108
890 10 50 0.116898 111
900 10 50 0.118686 106
910 10 50 0.129421 110
920 10 50 0.126928 108
930 10 50 0.135127 112
940 10 50 0.141599 120
950 10 50 0.154117 107
960 10 50 0.137227 116
970 10 50 0.141344 115
980 10 50 0.145373 111
990 10 50 0.161195 114
