1000 10 50 0.163037 112
1000 12 50 0.163903 142
1000 14 50 0.160817 172
1000 16 50 0.166706 194
1000 18 50 0.154987 236
1000 20 50 0.166757 269
1000 22 50 0.178620 275
1000 24 50 0.177507 317
1000 26 50 0.179708 347
1000 28 50 0.166002 371
1000 30 50 0.157993 403
1000 32 50 0.175297 428
1000 34 50 0.159413 458
1000 36 50 0.160438 473
1000 38 50 0.160071 530
1000 40 50 0.159814 562
1000 42 50 0.160564 575
1000 44 50 0.157326 629
1000 46 50 0.156938 679
1000 48 50 0.157428 656
1000 50 50 0.157089 694
1000 52 50 0.156800 719
1000 54 50 0.158798 768
1000 56 50 0.158814 792
1000 58 50 0.158819 817
1000 60 50 0.157286 885
1000 62 50 0.157466 906
1000 64 50 0.157270 924
1000 66 50 0.157604 937
1000 68 50 0.158333 948
1000 70 50 0.159434 991
1000 72 50 0.159772 1011
1000 74 50 0.158512 1086
1000 76 50 0.158910 1114
1000 78 50 0.165644 1123
1000 80 50 0.151047 1089
1000 82 50 0.152841 1182
1000 84 50 0.152121 1250
1000 86 50 0.151098 1198
1000 88 50 0.151360 1244
1000 90 50 0.152508 1310
1000 92 50 0.152658 1397
1000 94 50 0.150961 1336
1000 96 50 0.150868 1409
1000 98 50 0.151150 1435
