10 10 50 0.000019 34
11 10 50 0.000023 38
12 10 50 0.000027 33
13 10 50 0.000041 34
14 10 50 0.000033 34
15 10 50 0.000041 38
16 10 50 0.000048 42
17 10 50 0.000047 40
18 10 50 0.000050 39
19 10 50 0.000068 42
20 10 50 0.000064 41
21 10 50 0.000070 44
22 10 50 0.000073 42
23 10 50 0.000087 44
24 10 50 0.000083 47
25 10 50 0.000097 48
26 10 50 0.000105 46
27 10 50 0.000111 46
28 10 50 0.000110 46
29 10 50 0.000117 48
30 10 50 0.000128 48
31 10 50 0.000131 50
32 10 50 0.000144 53
33 10 50 0.000174 51
34 10 50 0.000175 54
35 10 50 0.000167 55
36 10 50 0.000194 53
37 10 50 0.000184 54
38 10 50 0.000190 51
39 10 50 0.000215 49
40 10 50 0.000209 53
41 10 50 0.000238 55
42 10 50 0.000257 57
43 10 50 0.000263 57
44 10 50 0.000255 52
45 10 50 0.000284 54
46 10 50 0.000276 57
47 10 50 0.000296 58
48 10 50 0.000324 59
49 10 50 0.000309 59
50 10 50 0.000335 62
51 10 50 0.000347 62
52 10 50 0.000340 58
53 10 50 0.000362 62
54 10 50 0.000380 63
55 10 50 0.000398 66
56 10 50 0.000390 60
57 10 50 0.000423 59
58 10 50 0.000472 62
59 10 50 0.000526 61
60 10 50 0.000616 66
61 10 50 0.000855 64
62 10 50 0.001060 63
63 10 50 0.000847 60
64 10 50 0.000753 58
65 10 50 0.000674 62
66 10 50 0.000643 60
67 10 50 0.000618 62
68 10 50 0.000655 57
69 10 50 0.000642 60
70 10 50 0.000624 60
71 10 50 0.000864 59
72 10 50 0.001113 63
73 10 50 0.001283 63
74 10 50 0.001480 61
75 10 50 0.001529 63
76 10 50 0.001480 64
77 10 50 0.001534 61
78 10 50 0.001599 64
79 10 50 0.001646 53
80 10 50 0.001699 52
81 10 50 0.001184 54
82 10 50 0.001029 56
83 10 50 0.001050 54
84 10 50 0.000965 56
85 10 50 0.000983 59
86 10 50 0.000989 56
87 10 50 0.001028 53
88 10 50 0.001085 56
89 10 50 0.001090 57
90 10 50 0.001017 54
91 10 50 0.001066 55
92 10 50 0.001098 59
93 10 50 0.001121 84
94 10 50 0.001182 83
95 10 50 0.001129 92
96 10 50 0.001190 90
97 10 50 0.001156 97
98 10 50 0.001211 91
99 10 50 0.001249 95
100 10 50 0.001314 89
101 10 50 0.001342 87
102 10 50 0.001389 84
103 10 50 0.001352 92
104 10 50 0.001361 83
105 10 50 0.001420 85
106 10 50 0.001409 72
107 10 50 0.001531 72
108 10 50 0.001538 75
109 10 50 0.001539 71
110 10 50 0.001542 66
111 10 50 0.001604 68
112 10 50 0.001720 71
113 10 50 0.001631 69
114 10 50 0.001738 72
115 10 50 0.001739 72
116 10 50 0.001753 73
117 10 50 0.001837 74
118 10 50 0.001836 73
119 10 50 0.001819 78
120 10 50 0.001900 76
121 10 50 0.001956 73
122 10 50 0.001922 78
123 10 50 0.002013 79
124 10 50 0.002036 80
125 10 50 0.002025 79
126 10 50 0.002113 82
127 10 50 0.002098 79
128 10 50 0.002146 78
129 10 50 0.002270 77
130 10 50 0.002052 73
131 10 50 0.002097 76
132 10 50 0.002084 67
133 10 50 0.002150 65
134 10 50 0.002197 69
135 10 50 0.002184 68
136 10 50 0.002233 68
137 10 50 0.002253 67
138 10 50 0.002316 72
139 10 50 0.002322 75
140 10 50 0.002364 72
141 10 50 0.002421 72
142 10 50 0.002412 75
143 10 50 0.002464 74
144 10 50 0.002480 78
145 10 50 0.002523 86
146 10 50 0.002541 85
147 10 50 0.002633 86
148 10 50 0.002594 92
149 10 50 0.002672 92
150 10 50 0.002687 78
151 10 50 0.002710 79
152 10 50 0.002787 74
153 10 50 0.002785 76
154 10 50 0.002844 74
155 10 50 0.002851 73
156 10 50 0.002899 77
157 10 50 0.002906 76
158 10 50 0.003108 71
159 10 50 0.003065 67
160 10 50 0.003127 69
161 10 50 0.003146 69
162 10 50 0.003187 67
163 10 50 0.003149 67
164 10 50 0.003219 73
165 10 50 0.003215 82
166 10 50 0.003313 86
167 10 50 0.003339 86
168 10 50 0.003428 83
169 10 50 0.003471 79
170 10 50 0.003485 75
171 10 50 0.003500 75
172 10 50 0.003498 79
173 10 50 0.003591 77
174 10 50 0.003647 69
175 10 50 0.003668 68
176 10 50 0.003663 69
177 10 50 0.003734 69
178 10 50 0.003714 67
179 10 50 0.003822 66
180 10 50 0.003803 68
181 10 50 0.004005 79
182 10 50 0.003957 76
183 10 50 0.004027 80
184 10 50 0.004029 76
185 10 50 0.004000 85
186 10 50 0.004101 86
187 10 50 0.004072 88
188 10 50 0.004147 88
189 10 50 0.004140 88
190 10 50 0.004174 90
191 10 50 0.004330 87
192 10 50 0.004309 80
193 10 50 0.004438 80
194 10 50 0.004419 87
195 10 50 0.004476 88
196 10 50 0.004513 80
197 10 50 0.004570 80
198 10 50 0.004602 72
199 10 50 0.004741 70
200 10 50 0.004699 69
201 10 50 0.004725 77
202 10 50 0.004728 75
203 10 50 0.004844 76
204 10 50 0.004892 86
205 10 50 0.005015 83
206 10 50 0.005114 87
207 10 50 0.005029 67
208 10 50 0.005130 65
209 10 50 0.005055 69
210 10 50 0.005137 78
211 10 50 0.005297 78
212 10 50 0.005337 86
213 10 50 0.005367 92
214 10 50 0.005355 87
215 10 50 0.005508 91
216 10 50 0.005461 96
217 10 50 0.005458 87
218 10 50 0.005539 75
219 10 50 0.005702 77
220 10 50 0.005731 76
221 10 50 0.005772 82
222 10 50 0.005921 87
223 10 50 0.005822 96
224 10 50 0.005795 96
225 10 50 0.005933 81
226 10 50 0.005905 76
227 10 50 0.005988 76
228 10 50 0.006123 74
229 10 50 0.006196 72
230 10 50 0.006189 72
231 10 50 0.006450 70
232 10 50 0.006252 70
233 10 50 0.006385 71
234 10 50 0.006337 78
235 10 50 0.006799 77
236 10 50 0.006839 89
237 10 50 0.006818 95
238 10 50 0.006826 84
239 10 50 0.006917 76
240 10 50 0.006876 77
241 10 50 0.006941 82
242 10 50 0.006963 80
243 10 50 0.007237 83
244 10 50 0.007324 74
245 10 50 0.007384 66
246 10 50 0.007566 78
247 10 50 0.007582 93
248 10 50 0.007537 91
249 10 50 0.007603 84
250 10 50 0.007612 87
251 10 50 0.007722 81
252 10 50 0.007850 81
253 10 50 0.007928 82
254 10 50 0.007994 99
255 10 50 0.008067 101
256 10 50 0.007993 81
257 10 50 0.008153 78
258 10 50 0.008212 89
259 10 50 0.008422 84
260 10 50 0.008395 77
261 10 50 0.008449 80
262 10 50 0.009944 83
263 10 50 0.010664 98
264 10 50 0.012921 85
265 10 50 0.008834 81
266 10 50 0.008691 86
267 10 50 0.009140 96
268 10 50 0.008912 109
269 10 50 0.011032 81
270 10 50 0.011473 88
271 10 50 0.012346 94
272 10 50 0.010532 102
273 10 50 0.009537 72
274 10 50 0.009998 83
275 10 50 0.010110 100
276 10 50 0.010197 88
277 10 50 0.010136 88
278 10 50 0.009934 83
279 10 50 0.010203 94
280 10 50 0.010373 90
281 10 50 0.010602 90
282 10 50 0.010224 93
283 10 50 0.009960 87
284 10 50 0.010484 82
285 10 50 0.010545 77
286 10 50 0.010204 81
287 10 50 0.010261 90
288 10 50 0.010958 91
289 10 50 0.010960 93
290 10 50 0.011629 89
291 10 50 0.010651 93
292 10 50 0.011205 82
293 10 50 0.011072 77
294 10 50 0.010749 102
295 10 50 0.011061 99
296 10 50 0.010887 90
297 10 50 0.010902 90
298 10 50 0.011068 92
299 10 50 0.011356 84
300 10 50 0.011179 86
301 10 50 0.011225 97
302 10 50 0.012388 95
303 10 50 0.013538 86
304 10 50 0.025123 79
305 10 50 0.020142 88
306 10 50 0.012792 85
307 10 50 0.012369 85
308 10 50 0.014038 83
309 10 50 0.021656 90
310 10 50 0.025093 97
311 10 50 0.017594 85
312 10 50 0.012085 91
313 10 50 0.012336 94
314 10 50 0.012255 90
315 10 50 0.012772 89
316 10 50 0.013535 77
317 10 50 0.012787 80
318 10 50 0.012448 84
319 10 50 0.013306 97
