320 10 50 0.012851 88
320 12 50 0.013961 119
320 14 50 0.018861 143
320 16 50 0.012928 155
320 18 50 0.012833 207
320 20 50 0.012723 181
320 22 50 0.012749 256
320 24 50 0.012857 261
320 26 50 0.012817 298
320 28 50 0.012785 311
320 30 50 0.012666 321
320 32 50 0.012760 343
320 34 50 0.012816 359
320 36 50 0.012831 372
320 38 50 0.012815 406
320 40 50 0.012902 427
320 42 50 0.013577 497
320 44 50 0.019936 493
320 46 50 0.014557 479
320 48 50 0.012827 505
320 50 50 0.012856 563
320 52 50 0.012812 591
320 54 50 0.012934 578
320 56 50 0.012834 662
320 58 50 0.012853 651
320 60 50 0.012856 793
320 62 50 0.012714 756
320 64 50 0.012843 773
320 66 50 0.012830 886
320 68 50 0.012855 740
320 70 50 0.012765 826
320 72 50 0.012734 838
320 74 50 0.012894 873
320 76 50 0.012822 882
320 78 50 0.012731 923
320 80 50 0.012786 1033
320 82 50 0.012909 939
320 84 50 0.012820 997
320 86 50 0.012763 1034
320 88 50 0.012777 1108
320 90 50 0.012717 999
320 92 50 0.012800 1049
320 94 50 0.012697 1082
320 96 50 0.012726 1060
320 98 50 0.012716 1137
