1000 10 0 0.180700 5000
1000 12 0 0.182380 6340
1000 14 0 0.178049 7641
1000 16 0 0.178297 8998
1000 18 0 0.178751 10322
1000 20 0 0.179188 11660
1000 22 0 0.179468 13050
1000 24 0 0.179559 14368
1000 26 0 0.179840 15706
1000 28 0 0.181054 17055
1000 30 0 0.180571 18395
1000 32 0 0.190165 19748
1000 34 0 0.184397 21120
1000 36 0 0.179366 22427
1000 38 0 0.178473 23781
1000 40 0 0.178863 25084
1000 42 0 0.178871 26458
1000 44 0 0.179262 27757
1000 46 0 0.179258 29186
1000 48 0 0.179967 30519
1000 50 0 0.179292 31889
1000 52 0 0.179706 33216
1000 54 0 0.180147 34526
1000 56 0 0.180059 35975
1000 58 0 0.180023 37319
1000 60 0 0.180313 38627
1000 62 0 0.180082 39908
1000 64 0 0.180029 41386
1000 66 0 0.179946 42643
1000 68 0 0.180313 43922
1000 70 0 0.180607 45305
1000 72 0 0.180884 46618
1000 74 0 0.180744 48031
1000 76 0 0.187362 49256
1000 78 0 0.184575 50751
1000 80 0 0.208787 52196
1000 82 0 0.208628 53394
1000 84 0 0.199729 54754
1000 86 0 0.181680 56128
1000 88 0 0.198404 57361
1000 90 0 0.251685 58752
1000 92 0 0.282300 60249
1000 94 0 0.210102 61549
1000 96 0 0.209238 62982
1000 98 0 0.201028 64016
