10 100 50 0.000031 369
20 100 50 0.000092 477
30 100 50 0.000184 575
40 100 50 0.000287 641
50 100 50 0.000376 690
60 100 50 0.000521 692
70 100 50 0.001088 704
80 100 50 0.001726 775
90 100 50 0.001756 836
100 100 50 0.001768 777
110 100 50 0.002217 823
120 100 50 0.003735 872
130 100 50 0.002459 1052
140 100 50 0.003100 1031
150 100 50 0.006246 1081
160 100 50 0.006751 946
170 100 50 0.005070 895
180 100 50 0.004806 979
190 100 50 0.004626 957
200 100 50 0.005131 997
210 100 50 0.006064 1005
220 100 50 0.006199 1024
230 100 50 0.006751 1075
240 100 50 0.007152 1077
250 100 50 0.007735 1066
260 100 50 0.008474 1085
270 100 50 0.009111 1111
280 100 50 0.009777 1095
290 100 50 0.010346 1129
300 100 50 0.011139 1048
310 100 50 0.013833 1114
320 100 50 0.013673 1153
330 100 50 0.014203 1134
340 100 50 0.019628 1198
350 100 50 0.017324 1221
360 100 50 0.017009 1219
370 100 50 0.019128 1243
380 100 50 0.019224 1181
390 100 50 0.020004 1216
400 100 50 0.022167 1246
410 100 50 0.023704 1162
420 100 50 0.022767 1192
430 100 50 0.024113 1137
440 100 50 0.025400 1233
450 100 50 0.026870 1365
460 100 50 0.027988 1264
470 100 50 0.029543 1280
480 100 50 0.031218 1312
490 100 50 0.032580 1308
500 100 50 0.033836 1251
510 100 50 0.035398 1279
520 100 50 0.037388 1317
530 100 50 0.042217 1257
540 100 50 0.057769 1307
550 100 50 0.050161 1314
560 100 50 0.049506 1320
570 100 50 0.052388 1332
580 100 50 0.066258 1378
590 100 50 0.063040 1303
600 100 50 0.061466 1379
610 100 50 0.061740 1317
620 100 50 0.062302 1333
630 100 50 0.062579 1324
640 100 50 0.074749 1303
650 100 50 0.075155 1264
660 100 50 0.071614 1294
670 100 50 0.073045 1437
680 100 50 0.076428 1320
690 100 50 0.083703 1357
700 100 50 0.083634 1302
710 100 50 0.079050 1431
720 100 50 0.082048 1406
730 100 50 0.083521 1342
740 100 50 0.088697 1376
750 100 50 0.090734 1348
760 100 50 0.118308 1365
770 100 50 0.095037 1352
780 100 50 0.106388 1561
790 100 50 0.109879 1354
800 100 50 0.113762 1456
810 100 50 0.115739 1394
820 100 50 0.129762 1375
830 100 50 0.118471 1418
840 100 50 0.116994 1378
850 100 50 0.111979 1402
860 100 50 0.114523 1408
870 100 50 0.116414 1428
880 100 50 0.119677 1405
890 100 50 0.127000 1474
900 100 50 0.125562 1476
910 100 50 0.128685 1429
920 100 50 0.132277 1504
930 100 50 0.137723 1430
940 100 50 0.138062 1422
950 100 50 0.140586 1423
960 100 50 0.144855 1365
970 100 50 0.147781 1475
980 100 50 0.151734 1523
990 100 50 0.153401 1492
