10 10 50 0.000024 29
10 12 50 0.000024 37
10 14 50 0.000026 64
10 16 50 0.000026 54
10 18 50 0.000025 59
10 20 50 0.000022 63
10 22 50 0.000025 100
10 24 50 0.000022 80
10 26 50 0.000024 90
10 28 50 0.000022 106
10 30 50 0.000023 129
10 32 50 0.000023 134
10 34 50 0.000021 127
10 36 50 0.000022 139
10 38 50 0.000024 153
10 40 50 0.000022 169
10 42 50 0.000022 162
10 44 50 0.000021 206
10 46 50 0.000021 220
10 48 50 0.000023 224
10 50 50 0.000022 238
10 52 50 0.000022 186
10 54 50 0.000023 218
10 56 50 0.000022 281
10 58 50 0.000022 244
10 60 50 0.000023 297
10 62 50 0.000021 259
10 64 50 0.000023 292
10 66 50 0.000023 280
10 68 50 0.000022 273
10 70 50 0.000021 297
10 72 50 0.000021 308
10 74 50 0.000021 313
10 76 50 0.000021 316
10 78 50 0.000021 341
10 80 50 0.000022 341
10 82 50 0.000023 340
10 84 50 0.000021 340
10 86 50 0.000020 337
10 88 50 0.000021 402
10 90 50 0.000021 370
10 92 50 0.000023 414
10 94 50 0.000021 337
10 96 50 0.000021 402
10 98 50 0.000022 426
