10 10 0 0.000034 81
20 10 0 0.000132 135
30 10 0 0.000325 218
40 10 0 0.000596 255
50 10 0 0.000735 312
60 10 0 0.000842 365
70 10 0 0.000918 409
80 10 0 0.001047 468
90 10 0 0.001882 513
100 10 0 0.001897 566
110 10 0 0.003171 616
120 10 0 0.002656 666
130 10 0 0.002881 715
140 10 0 0.005086 773
150 10 0 0.005743 797
160 10 0 0.005751 845
170 10 0 0.005821 896
180 10 0 0.005681 943
190 10 0 0.009225 1005
200 10 0 0.009401 1050
210 10 0 0.008152 1105
220 10 0 0.010606 1155
230 10 0 0.009254 1194
240 10 0 0.009534 1250
250 10 0 0.010675 1304
260 10 0 0.012656 1348
270 10 0 0.013305 1392
280 10 0 0.014764 1460
290 10 0 0.015374 1502
300 10 0 0.015449 1544
310 10 0 0.018482 1605
320 10 0 0.016981 1653
330 10 0 0.020144 1694
340 10 0 0.023608 1748
350 10 0 0.023743 1783
360 10 0 0.027738 1849
370 10 0 0.025947 1898
380 10 0 0.028452 1950
390 10 0 0.026680 1991
400 10 0 0.030357 2037
410 10 0 0.032338 2097
420 10 0 0.032941 2162
430 10 0 0.033884 2201
440 10 0 0.035402 2248
450 10 0 0.037352 2289
460 10 0 0.036741 2334
470 10 0 0.040313 2398
480 10 0 0.042734 2458
490 10 0 0.042755 2501
500 10 0 0.044558 2529
510 10 0 0.044811 2586
520 10 0 0.046747 2634
530 10 0 0.048799 2689
540 10 0 0.050768 2729
550 10 0 0.055279 2789
560 10 0 0.059841 2848
570 10 0 0.057837 2878
580 10 0 0.061476 2934
590 10 0 0.064046 2987
600 10 0 0.067016 3044
610 10 0 0.067059 3074
620 10 0 0.071186 3159
630 10 0 0.070208 3189
640 10 0 0.073352 3216
650 10 0 0.073847 3283
660 10 0 0.076700 3320
670 10 0 0.081685 3369
680 10 0 0.089586 3431
690 10 0 0.084012 3500
700 10 0 0.092247 3511
710 10 0 0.096514 3585
720 10 0 0.098455 3631
730 10 0 0.100096 3689
740 10 0 0.111131 3731
750 10 0 0.108948 3785
760 10 0 0.126916 3824
770 10 0 0.106243 3902
780 10 0 0.110952 3926
790 10 0 0.135837 3981
800 10 0 0.119594 4023
810 10 0 0.133842 4067
820 10 0 0.142878 4116
830 10 0 0.124839 4162
840 10 0 0.129236 4218
850 10 0 0.129149 4248
860 10 0 0.141942 4322
870 10 0 0.140360 4372
880 10 0 0.142281 4425
890 10 0 0.167429 4474
900 10 0 0.144666 4528
910 10 0 0.150497 4584
920 10 0 0.148455 4611
930 10 0 0.175913 4665
940 10 0 0.155654 4710
950 10 0 0.170100 4745
960 10 0 0.174940 4817
970 10 0 0.185836 4877
980 10 0 0.175885 4909
990 10 0 0.177543 4972
