10 10 0 0.000028 75
10 12 0 0.000029 98
10 14 0 0.000031 129
10 16 0 0.000033 152
10 18 0 0.000038 173
10 20 0 0.000034 185
10 22 0 0.000034 229
10 24 0 0.000031 223
10 26 0 0.000030 249
10 28 0 0.000031 246
10 30 0 0.000032 275
10 32 0 0.000034 334
10 34 0 0.000035 361
10 36 0 0.000031 341
10 38 0 0.000033 410
10 40 0 0.000034 385
10 42 0 0.000033 389
10 44 0 0.000038 446
10 46 0 0.000035 473
10 48 0 0.000036 459
10 50 0 0.000036 510
10 52 0 0.000032 506
10 54 0 0.000031 502
10 56 0 0.000033 580
10 58 0 0.000032 625
10 60 0 0.000032 629
10 62 0 0.000031 616
10 64 0 0.000032 613
10 66 0 0.000044 645
10 68 0 0.000034 701
10 70 0 0.000034 684
10 72 0 0.000033 703
10 74 0 0.000032 751
10 76 0 0.000036 747
10 78 0 0.000033 767
10 80 0 0.000033 824
10 82 0 0.000035 837
10 84 0 0.000035 822
10 86 0 0.000034 887
10 88 0 0.000034 842
10 90 0 0.000034 896
10 92 0 0.000038 974
10 94 0 0.000045 1026
10 96 0 0.000036 1030
10 98 0 0.000039 1059
