10 100 50 0.000021 404
11 100 50 0.000024 441
12 100 50 0.000026 391
13 100 50 0.000030 458
14 100 50 0.000035 443
15 100 50 0.000039 477
16 100 50 0.000042 450
17 100 50 0.000045 453
18 100 50 0.000049 467
19 100 50 0.000054 479
20 100 50 0.000059 518
21 100 50 0.000067 523
22 100 50 0.000078 530
23 100 50 0.000076 523
24 100 50 0.000080 507
25 100 50 0.000087 492
26 100 50 0.000093 540
27 100 50 0.000101 526
28 100 50 0.000106 567
29 100 50 0.000114 566
30 100 50 0.000124 562
31 100 50 0.000143 593
32 100 50 0.000186 590
33 100 50 0.000177 590
34 100 50 0.000166 583
35 100 50 0.000167 588
36 100 50 0.000167 581
37 100 50 0.000176 599
38 100 50 0.000186 626
39 100 50 0.000194 610
40 100 50 0.000202 631
41 100 50 0.000240 663
42 100 50 0.000248 635
43 100 50 0.000233 630
44 100 50 0.000242 630
45 100 50 0.000252 670
46 100 50 0.000266 694
47 100 50 0.000278 671
48 100 50 0.000333 718
49 100 50 0.000377 716
50 100 50 0.000324 715
51 100 50 0.000318 743
52 100 50 0.000329 685
53 100 50 0.000355 668
54 100 50 0.000369 739
55 100 50 0.000368 722
56 100 50 0.000381 720
57 100 50 0.000395 697
58 100 50 0.000446 734
59 100 50 0.000577 746
60 100 50 0.000540 707
61 100 50 0.001055 715
62 100 50 0.001045 743
63 100 50 0.000966 762
64 100 50 0.000643 752
65 100 50 0.000552 784
66 100 50 0.000577 794
67 100 50 0.000560 806
68 100 50 0.000835 789
69 100 50 0.000618 782
70 100 50 0.000629 786
71 100 50 0.000643 797
72 100 50 0.001368 766
73 100 50 0.001302 866
74 100 50 0.001303 838
75 100 50 0.001338 830
76 100 50 0.001319 890
77 100 50 0.001482 893
78 100 50 0.001834 865
79 100 50 0.001487 877
80 100 50 0.001841 864
81 100 50 0.001444 898
82 100 50 0.000860 862
83 100 50 0.000852 868
84 100 50 0.001018 862
85 100 50 0.000920 915
86 100 50 0.000995 946
87 100 50 0.000935 914
88 100 50 0.001163 849
89 100 50 0.000970 860
90 100 50 0.000998 948
91 100 50 0.001026 962
92 100 50 0.001062 869
93 100 50 0.001196 849
94 100 50 0.001102 924
95 100 50 0.001122 921
96 100 50 0.001123 966
97 100 50 0.001826 979
98 100 50 0.001357 915
99 100 50 0.001264 922
100 100 50 0.001529 921
101 100 50 0.001283 921
102 100 50 0.001310 861
103 100 50 0.001351 879
104 100 50 0.001559 880
105 100 50 0.001391 855
106 100 50 0.001417 914
107 100 50 0.001449 929
108 100 50 0.001503 925
109 100 50 0.001504 935
110 100 50 0.001806 934
111 100 50 0.001612 1055
112 100 50 0.001603 980
113 100 50 0.001915 990
114 100 50 0.001915 992
115 100 50 0.001930 989
116 100 50 0.001938 1080
117 100 50 0.002050 1052
118 100 50 0.002038 1037
119 100 50 0.002010 949
120 100 50 0.003148 892
121 100 50 0.004081 902
122 100 50 0.004395 937
123 100 50 0.004347 897
124 100 50 0.004471 891
125 100 50 0.004356 949
126 100 50 0.004503 889
127 100 50 0.004887 951
128 100 50 0.003652 940
129 100 50 0.002099 936
130 100 50 0.002299 922
131 100 50 0.002251 910
132 100 50 0.002106 941
133 100 50 0.002256 963
134 100 50 0.002333 987
135 100 50 0.002291 1002
136 100 50 0.002416 1015
137 100 50 0.002290 1005
138 100 50 0.002293 955
139 100 50 0.002494 893
140 100 50 0.002464 895
141 100 50 0.002468 904
142 100 50 0.002645 900
143 100 50 0.002540 907
144 100 50 0.002557 883
145 100 50 0.002556 890
146 100 50 0.002523 891
147 100 50 0.002685 908
148 100 50 0.002705 900
149 100 50 0.002891 897
150 100 50 0.002873 921
151 100 50 0.002869 940
152 100 50 0.002914 881
153 100 50 0.003020 936
154 100 50 0.002940 908
155 100 50 0.003104 929
156 100 50 0.002963 1038
157 100 50 0.003418 1062
158 100 50 0.003117 1124
159 100 50 0.003055 1086
160 100 50 0.003012 1165
161 100 50 0.003044 1161
162 100 50 0.003165 1120
163 100 50 0.003120 1182
164 100 50 0.003173 1148
165 100 50 0.003269 1093
166 100 50 0.003263 1182
167 100 50 0.003526 1195
168 100 50 0.003326 1161
169 100 50 0.003448 1074
170 100 50 0.004370 1025
171 100 50 0.003478 1036
172 100 50 0.003461 1034
173 100 50 0.003592 1060
174 100 50 0.003644 1015
175 100 50 0.003572 989
176 100 50 0.003703 1047
177 100 50 0.003934 1070
178 100 50 0.003739 1093
179 100 50 0.003844 1122
180 100 50 0.003802 1056
181 100 50 0.003836 1024
182 100 50 0.004009 976
183 100 50 0.003973 993
184 100 50 0.004049 991
185 100 50 0.004013 1035
186 100 50 0.004121 1040
187 100 50 0.004088 1013
188 100 50 0.004187 1153
189 100 50 0.006788 1160
190 100 50 0.008028 1150
191 100 50 0.008029 999
192 100 50 0.008125 1029
193 100 50 0.008023 1040
194 100 50 0.004614 971
195 100 50 0.004456 951
196 100 50 0.004529 1023
197 100 50 0.005160 954
198 100 50 0.004981 1010
199 100 50 0.005620 992
200 100 50 0.005370 948
201 100 50 0.004876 969
202 100 50 0.004848 972
203 100 50 0.004832 1026
204 100 50 0.009154 1027
205 100 50 0.010154 1042
206 100 50 0.009556 1018
207 100 50 0.009524 1082
208 100 50 0.009333 1057
209 100 50 0.009082 1023
210 100 50 0.009260 957
211 100 50 0.009513 979
212 100 50 0.009325 1059
213 100 50 0.009318 1055
214 100 50 0.009451 988
215 100 50 0.009811 1008
216 100 50 0.010600 1044
217 100 50 0.007230 1087
218 100 50 0.007067 1063
219 100 50 0.008080 1118
220 100 50 0.005584 1037
221 100 50 0.005764 939
222 100 50 0.005796 1004
223 100 50 0.005734 1010
224 100 50 0.005950 1052
225 100 50 0.006032 1087
226 100 50 0.005894 1109
227 100 50 0.006088 1135
228 100 50 0.009443 1150
229 100 50 0.007588 1067
230 100 50 0.009094 1049
231 100 50 0.006373 1079
232 100 50 0.006318 1120
233 100 50 0.006344 1074
234 100 50 0.006519 1035
235 100 50 0.006420 1063
236 100 50 0.006530 1160
237 100 50 0.006548 1124
238 100 50 0.006626 1040
239 100 50 0.006646 1065
240 100 50 0.006703 1071
241 100 50 0.006737 1113
242 100 50 0.006866 1030
243 100 50 0.007082 993
244 100 50 0.007082 1165
245 100 50 0.007193 1151
246 100 50 0.007175 1132
247 100 50 0.007215 1099
248 100 50 0.007308 1021
249 100 50 0.007322 1034
250 100 50 0.007514 1103
251 100 50 0.007718 1162
252 100 50 0.007840 1073
253 100 50 0.007801 1049
254 100 50 0.007900 1121
255 100 50 0.008076 1112
256 100 50 0.008030 1072
257 100 50 0.007997 1110
258 100 50 0.008244 1132
259 100 50 0.008329 1148
260 100 50 0.008356 1213
261 100 50 0.008494 1076
262 100 50 0.008612 1123
263 100 50 0.008603 1184
264 100 50 0.009871 1122
265 100 50 0.012874 1075
266 100 50 0.011236 1046
267 100 50 0.008921 1034
268 100 50 0.008906 1089
269 100 50 0.008959 1106
270 100 50 0.009074 1172
271 100 50 0.009256 1204
272 100 50 0.009295 1131
273 100 50 0.009489 1159
274 100 50 0.009348 1197
275 100 50 0.009447 1136
276 100 50 0.009646 1104
277 100 50 0.009747 1107
278 100 50 0.009766 1125
279 100 50 0.009720 1201
280 100 50 0.009782 1136
281 100 50 0.009838 1104
282 100 50 0.009938 1154
283 100 50 0.009994 1086
284 100 50 0.009983 1058
285 100 50 0.010145 1135
286 100 50 0.010260 1243
287 100 50 0.010281 1304
288 100 50 0.010276 1149
289 100 50 0.010364 1107
290 100 50 0.011291 1143
291 100 50 0.012257 1143
292 100 50 0.010675 1081
293 100 50 0.010785 1023
294 100 50 0.010956 1150
295 100 50 0.010855 1178
296 100 50 0.010910 1218
297 100 50 0.010942 1182
298 100 50 0.011112 1266
299 100 50 0.011159 1134
300 100 50 0.011270 1089
301 100 50 0.011282 1190
302 100 50 0.011438 1206
303 100 50 0.011422 1128
304 100 50 0.011433 1287
305 100 50 0.011812 1240
306 100 50 0.011579 1140
307 100 50 0.011659 1170
308 100 50 0.011851 1198
309 100 50 0.011854 1209
310 100 50 0.015430 1146
311 100 50 0.015398 1119
312 100 50 0.013965 1129
313 100 50 0.012483 1051
314 100 50 0.013358 1180
315 100 50 0.014839 1173
316 100 50 0.012553 1176
317 100 50 0.012626 1115
318 100 50 0.012583 1152
319 100 50 0.012732 1195
