320 10 0 0.017360 1625
320 12 0 0.019621 2102
320 14 0 0.021503 2525
320 16 0 0.017321 2991
320 18 0 0.017412 3313
320 20 0 0.017721 3823
320 22 0 0.017699 4260
320 24 0 0.017478 4719
320 26 0 0.017518 5163
320 28 0 0.017757 5613
320 30 0 0.017541 6038
320 32 0 0.017571 6491
320 34 0 0.017623 6961
320 36 0 0.017715 7347
320 38 0 0.017732 7829
320 40 0 0.017951 8249
320 42 0 0.017803 8752
320 44 0 0.017875 9177
320 46 0 0.017941 9527
320 48 0 0.017843 10020
320 50 0 0.017726 10458
320 52 0 0.017778 10937
320 54 0 0.018044 11336
320 56 0 0.018066 11697
320 58 0 0.018084 12182
320 60 0 0.017878 12542
320 62 0 0.017861 13128
320 64 0 0.017879 13524
320 66 0 0.017888 13989
320 68 0 0.018033 14377
320 70 0 0.018117 14844
320 72 0 0.017969 15452
320 74 0 0.018309 15751
320 76 0 0.023353 16375
320 78 0 0.023805 16743
320 80 0 0.017902 17080
320 82 0 0.017756 17590
320 84 0 0.017842 18048
320 86 0 0.017877 18379
320 88 0 0.017885 18807
320 90 0 0.017796 19267
320 92 0 0.018124 19734
320 94 0 0.018072 20136
320 96 0 0.017920 20678
320 98 0 0.017925 21053
