1000 10 50 0.144840 36
1000 12 50 0.143949 43
1000 14 50 0.144545 48
1000 16 50 0.140906 54
1000 18 50 0.140007 58
1000 20 50 0.140099 63
1000 22 50 0.140383 68
1000 24 50 0.141393 74
1000 26 50 0.141949 77
1000 28 50 0.141521 81
1000 30 50 0.140584 86
1000 32 50 0.139857 91
1000 34 50 0.140459 93
1000 36 50 0.139906 99
1000 38 50 0.140032 102
1000 40 50 0.140073 105
1000 42 50 0.140288 109
1000 44 50 0.140242 113
1000 46 50 0.140308 115
1000 48 50 0.141198 119
1000 50 50 0.140741 122
1000 52 50 0.139943 127
1000 54 50 0.139996 129
1000 56 50 0.140723 133
1000 58 50 0.140097 137
1000 60 50 0.140083 141
1000 62 50 0.140196 144
1000 64 50 0.140065 147
1000 66 50 0.140639 150
1000 68 50 0.140263 153
1000 70 50 0.140486 155
1000 72 50 0.141176 158
1000 74 50 0.140898 161
1000 76 50 0.140886 163
1000 78 50 0.141334 166
1000 80 50 0.140131 170
1000 82 50 0.139845 173
1000 84 50 0.139899 177
1000 86 50 0.140296 179
1000 88 50 0.140108 181
1000 90 50 0.140486 183
1000 92 50 0.140315 183
1000 94 50 0.139985 188
1000 96 50 0.141140 191
1000 98 50 0.141662 194
