10 10 50 0.000020 9
30 10 50 0.000137 13
50 10 50 0.000793 16
70 10 50 0.000603 20
90 10 50 0.001013 20
110 10 50 0.001754 22
130 10 50 0.001988 22
150 10 50 0.002671 23
170 10 50 0.003515 24
190 10 50 0.004480 27
210 10 50 0.005518 26
230 10 50 0.008521 27
250 10 50 0.007602 26
270 10 50 0.012222 27
290 10 50 0.014982 29
310 10 50 0.013724 30
330 10 50 0.013340 29
350 10 50 0.015065 31
370 10 50 0.016963 29
390 10 50 0.018871 30
410 10 50 0.021255 32
430 10 50 0.023161 29
450 10 50 0.025840 31
470 10 50 0.028105 31
490 10 50 0.031029 31
510 10 50 0.033535 32
530 10 50 0.037978 32
550 10 50 0.039609 32
570 10 50 0.042233 33
590 10 50 0.045408 33
610 10 50 0.050519 32
630 10 50 0.053268 32
650 10 50 0.056812 33
670 10 50 0.061750 35
690 10 50 0.065447 33
710 10 50 0.070996 35
730 10 50 0.073138 34
750 10 50 0.077627 33
770 10 50 0.082113 34
790 10 50 0.087578 34
810 10 50 0.119211 35
830 10 50 0.121169 35
850 10 50 0.136815 35
870 10 50 0.127346 38
890 10 50 0.130332 36
910 10 50 0.143619 37
930 10 50 0.145431 37
950 10 50 0.160660 35
970 10 50 0.160280 37
990 10 50 0.158795 36
