10 10 50 0.000019 9
10 12 50 0.000019 9
10 14 50 0.000019 10
10 16 50 0.000020 10
10 18 50 0.000020 11
10 20 50 0.000020 11
10 22 50 0.000021 12
10 24 50 0.000021 12
10 26 50 0.000021 12
10 28 50 0.000022 12
10 30 50 0.000020 12
10 32 50 0.000021 12
10 34 50 0.000021 12
10 36 50 0.000021 12
10 38 50 0.000021 13
10 40 50 0.000021 13
10 42 50 0.000021 13
10 44 50 0.000022 13
10 46 50 0.000023 13
10 48 50 0.000022 13
10 50 50 0.000022 13
10 52 50 0.000022 14
10 54 50 0.000022 13
10 56 50 0.000023 14
10 58 50 0.000023 13
10 60 50 0.000023 14
10 62 50 0.000022 14
10 64 50 0.000022 14
10 66 50 0.000029 14
10 68 50 0.000029 14
10 70 50 0.000028 13
10 72 50 0.000030 14
10 74 50 0.000028 14
10 76 50 0.000028 14
10 78 50 0.000029 14
10 80 50 0.000028 14
10 82 50 0.000029 14
10 84 50 0.000029 14
10 86 50 0.000029 14
10 88 50 0.000029 14
10 90 50 0.000029 14
10 92 50 0.000029 14
10 94 50 0.000029 14
10 96 50 0.000029 14
10 98 50 0.000029 14
