1000 10 0 0.577985 3926
1000 12 0 0.578738 4866
1000 14 0 0.579269 5781
1000 16 0 0.578899 6696
1000 18 0 0.576469 7613
1000 20 0 0.580679 8525
1000 22 0 0.583329 9373
1000 24 0 0.595452 10255
1000 26 0 0.584422 11127
1000 28 0 0.587857 11987
1000 30 0 0.587744 12808
1000 32 0 0.598169 13664
1000 34 0 0.599003 14513
1000 36 0 0.591759 15337
1000 38 0 0.592031 16164
1000 40 0 0.593175 16934
1000 42 0 0.605525 17710
1000 44 0 0.595991 18528
1000 46 0 0.596486 19295
1000 48 0 0.595805 20097
1000 50 0 0.604825 20909
1000 52 0 0.611204 21694
1000 54 0 0.600140 22385
1000 56 0 0.600277 23209
1000 58 0 0.600278 23927
1000 60 0 0.614270 24747
1000 62 0 0.602602 25421
1000 64 0 0.602805 26135
1000 66 0 0.601525 26852
1000 68 0 0.607746 27654
1000 70 0 0.617517 28331
1000 72 0 0.604178 29056
1000 74 0 0.605041 29767
1000 76 0 0.604573 30478
1000 78 0 0.617389 31176
1000 80 0 0.606092 31879
1000 82 0 0.607207 32557
1000 84 0 0.607405 33297
1000 86 0 0.612102 33919
1000 88 0 0.622323 34637
1000 90 0 0.610206 35338
1000 92 0 0.629431 35939
1000 94 0 0.612647 36583
1000 96 0 0.626036 37321
1000 98 0 0.615268 37926
