10 100 50 0.000046 14
30 100 50 0.000229 33
50 100 50 0.000496 47
70 100 50 0.000805 62
90 100 50 0.001228 72
110 100 50 0.002732 77
130 100 50 0.002975 86
150 100 50 0.002945 91
170 100 50 0.003417 100
190 100 50 0.004261 110
210 100 50 0.007017 110
230 100 50 0.011211 117
250 100 50 0.012283 116
270 100 50 0.013329 123
290 100 50 0.013516 124
310 100 50 0.012364 134
330 100 50 0.013655 132
350 100 50 0.015301 141
370 100 50 0.017510 140
390 100 50 0.031715 142
410 100 50 0.043167 152
430 100 50 0.042400 140
450 100 50 0.033842 154
470 100 50 0.037687 155
490 100 50 0.042517 158
510 100 50 0.047430 154
530 100 50 0.047859 158
550 100 50 0.054728 158
570 100 50 0.055995 167
590 100 50 0.059460 162
610 100 50 0.062213 164
630 100 50 0.064761 164
650 100 50 0.068406 171
670 100 50 0.075928 177
690 100 50 0.078599 173
710 100 50 0.081778 183
730 100 50 0.085828 176
750 100 50 0.089441 174
770 100 50 0.103044 178
790 100 50 0.109358 178
810 100 50 0.114218 183
830 100 50 0.110913 186
850 100 50 0.115777 186
870 100 50 0.121053 192
890 100 50 0.134208 185
910 100 50 0.123932 194
930 100 50 0.124734 194
950 100 50 0.131164 191
970 100 50 0.138038 193
990 100 50 0.142729 194
