10 10 0 0.000040 28
10 12 0 0.000039 29
10 14 0 0.000040 35
10 16 0 0.000040 38
10 18 0 0.000040 40
10 20 0 0.000041 42
10 22 0 0.000042 46
10 24 0 0.000042 48
10 26 0 0.000043 50
10 28 0 0.000044 51
10 30 0 0.000046 53
10 32 0 0.000045 53
10 34 0 0.000047 55
10 36 0 0.000045 58
10 38 0 0.000046 59
10 40 0 0.000046 61
10 42 0 0.000046 61
10 44 0 0.000048 62
10 46 0 0.000048 64
10 48 0 0.000047 64
10 50 0 0.000048 66
10 52 0 0.000048 66
10 54 0 0.000049 67
10 56 0 0.000050 67
10 58 0 0.000050 69
10 60 0 0.000049 70
10 62 0 0.000050 71
10 64 0 0.000049 70
10 66 0 0.000064 71
10 68 0 0.000064 72
10 70 0 0.000066 74
10 72 0 0.000065 73
10 74 0 0.000067 75
10 76 0 0.000067 75
10 78 0 0.000066 74
10 80 0 0.000068 75
10 82 0 0.000068 76
10 84 0 0.000069 76
10 86 0 0.000071 78
10 88 0 0.000070 79
10 90 0 0.000072 80
10 92 0 0.000072 79
10 94 0 0.000075 78
10 96 0 0.000073 78
10 98 0 0.000076 80
