10 10 0 0.000048 28
30 10 0 0.000583 95
50 10 0 0.001527 164
70 10 0 0.002346 238
90 10 0 0.003346 312
110 10 0 0.005130 392
130 10 0 0.007464 467
150 10 0 0.013499 545
170 10 0 0.014133 622
190 10 0 0.030010 697
210 10 0 0.041902 783
230 10 0 0.038598 861
250 10 0 0.035124 933
270 10 0 0.041096 1014
290 10 0 0.047830 1087
310 10 0 0.057368 1181
330 10 0 0.068553 1254
350 10 0 0.073080 1329
370 10 0 0.082220 1413
390 10 0 0.088488 1501
410 10 0 0.097093 1574
430 10 0 0.107085 1662
450 10 0 0.124552 1724
470 10 0 0.131979 1814
490 10 0 0.139966 1881
510 10 0 0.151397 1968
530 10 0 0.163802 2057
550 10 0 0.178421 2128
570 10 0 0.190333 2212
590 10 0 0.205532 2294
610 10 0 0.219408 2380
630 10 0 0.234157 2464
650 10 0 0.249612 2533
670 10 0 0.266569 2608
690 10 0 0.283150 2683
710 10 0 0.300128 2781
730 10 0 0.316957 2848
750 10 0 0.336841 2933
770 10 0 0.353409 3004
790 10 0 0.373709 3072
810 10 0 0.481229 3169
830 10 0 0.400622 3248
850 10 0 0.419119 3337
870 10 0 0.442121 3410
890 10 0 0.458072 3488
910 10 0 0.478584 3558
930 10 0 0.495546 3644
950 10 0 0.515329 3722
970 10 0 0.540666 3820
990 10 0 0.568978 3899
