10 100 0 0.000102 80
30 100 0 0.000592 366
50 100 0 0.001351 749
70 100 0 0.002947 1230
90 100 0 0.004001 1748
110 100 0 0.005988 2294
130 100 0 0.008685 2909
150 100 0 0.015506 3528
170 100 0 0.020911 4200
190 100 0 0.031208 4849
210 100 0 0.027407 5620
230 100 0 0.033719 6302
250 100 0 0.039859 7022
270 100 0 0.047278 7756
290 100 0 0.057544 8502
310 100 0 0.062163 9272
330 100 0 0.070350 10076
350 100 0 0.077781 10804
370 100 0 0.085498 11587
390 100 0 0.094730 12439
410 100 0 0.105340 13217
430 100 0 0.116878 14014
450 100 0 0.128571 14872
470 100 0 0.140871 15639
490 100 0 0.151902 16506
510 100 0 0.166946 17291
530 100 0 0.178759 18187
550 100 0 0.194443 19023
570 100 0 0.206606 19815
590 100 0 0.224158 20632
610 100 0 0.242419 21512
630 100 0 0.259069 22414
650 100 0 0.283351 23201
670 100 0 0.299385 24050
690 100 0 0.316471 24936
710 100 0 0.330879 25850
730 100 0 0.344821 26759
750 100 0 0.359539 27571
770 100 0 0.381375 28456
790 100 0 0.406297 29269
810 100 0 0.418252 30207
830 100 0 0.438289 30949
850 100 0 0.455674 31899
870 100 0 0.479230 32834
890 100 0 0.552373 33744
910 100 0 0.529702 34552
930 100 0 0.555622 35523
950 100 0 0.579079 36269
970 100 0 0.598563 37259
990 100 0 0.629966 38179
