10 10 0 0.000048 27
10 12 0 0.000045 30
10 14 0 0.000048 34
10 16 0 0.000046 37
10 18 0 0.000047 40
10 20 0 0.000048 41
10 22 0 0.000046 45
10 24 0 0.000050 47
10 26 0 0.000049 50
10 28 0 0.000048 50
10 30 0 0.000051 54
10 32 0 0.000047 53
10 34 0 0.000050 56
10 36 0 0.000050 58
10 38 0 0.000050 59
10 40 0 0.000050 61
10 42 0 0.000051 60
10 44 0 0.000053 63
10 46 0 0.000053 63
10 48 0 0.000053 64
10 50 0 0.000052 64
10 52 0 0.000051 65
10 54 0 0.000054 67
10 56 0 0.000052 68
10 58 0 0.000053 67
10 60 0 0.000052 69
10 62 0 0.000052 71
10 64 0 0.000053 71
10 66 0 0.000067 71
10 68 0 0.000067 71
10 70 0 0.000068 73
10 72 0 0.000068 74
10 74 0 0.000069 74
10 76 0 0.000069 74
10 78 0 0.000069 75
10 80 0 0.000070 74
10 82 0 0.000071 75
10 84 0 0.000072 75
10 86 0 0.000072 77
10 88 0 0.000075 78
10 90 0 0.000075 79
10 92 0 0.000076 79
10 94 0 0.000074 78
10 96 0 0.000075 78
10 98 0 0.000076 80
