1000 10 0 0.776960 2647
1000 12 0 0.788418 3254
1000 14 0 0.785539 3769
1000 16 0 0.799292 4287
1000 18 0 0.818638 4777
1000 20 0 0.820057 5332
1000 22 0 0.828479 5845
1000 24 0 0.839900 6310
1000 26 0 0.842434 6871
1000 28 0 0.844533 7404
1000 30 0 0.852320 7759
1000 32 0 0.851855 8269
1000 34 0 0.853054 8677
1000 36 0 0.855895 9187
1000 38 0 0.876725 9542
1000 40 0 0.865891 10052
1000 42 0 0.867714 10561
1000 44 0 0.877316 11036
1000 46 0 0.869619 11371
1000 48 0 0.875483 12210
1000 50 0 0.879712 12442
1000 52 0 0.883341 12981
1000 54 0 0.881177 13134
1000 56 0 0.887549 13800
1000 58 0 0.882620 13992
1000 60 0 0.883882 14512
1000 62 0 0.889309 14970
1000 64 0 0.899897 15527
1000 66 0 0.888796 15916
1000 68 0 0.892608 16171
1000 70 0 0.899682 16787
1000 72 0 0.892260 17304
1000 74 0 0.895164 17706
1000 76 0 0.910972 18174
1000 78 0 0.894171 18573
1000 80 0 0.901502 18881
1000 82 0 0.908980 19266
1000 84 0 0.902488 19797
1000 86 0 0.901615 19886
1000 88 0 0.914286 20407
1000 90 0 0.908267 20602
1000 92 0 0.901291 21353
1000 94 0 0.915671 21556
1000 96 0 0.907264 22259
1000 98 0 0.908919 22325
