1000 10 50 0.146027 36
1000 12 50 0.145260 42
1000 14 50 0.144500 47
1000 16 50 0.142122 52
1000 18 50 0.141609 57
1000 20 50 0.141226 63
1000 22 50 0.141248 67
1000 24 50 0.140706 72
1000 26 50 0.142039 76
1000 28 50 0.141481 79
1000 30 50 0.141345 84
1000 32 50 0.140577 89
1000 34 50 0.141195 93
1000 36 50 0.140797 97
1000 38 50 0.141624 101
1000 40 50 0.141124 105
1000 42 50 0.141158 108
1000 44 50 0.141142 112
1000 46 50 0.141494 115
1000 48 50 0.141117 120
1000 50 50 0.140858 122
1000 52 50 0.140650 125
1000 54 50 0.140872 130
1000 56 50 0.141374 133
1000 58 50 0.140966 138
1000 60 50 0.141117 141
1000 62 50 0.141738 145
1000 64 50 0.141025 146
1000 66 50 0.142594 150
1000 68 50 0.141718 153
1000 70 50 0.141329 156
1000 72 50 0.140742 159
1000 74 50 0.141276 160
1000 76 50 0.141044 163
1000 78 50 0.142111 166
1000 80 50 0.141054 168
1000 82 50 0.140956 173
1000 84 50 0.140773 177
1000 86 50 0.141785 179
1000 88 50 0.142363 179
1000 90 50 0.141474 183
1000 92 50 0.141146 183
1000 94 50 0.141028 188
1000 96 50 0.140667 190
1000 98 50 0.141586 195
