10 10 0 0.000038 27
30 10 0 0.000380 82
50 10 0 0.001243 138
70 10 0 0.002245 188
90 10 0 0.003745 241
110 10 0 0.005849 302
130 10 0 0.007094 353
150 10 0 0.015746 394
170 10 0 0.018741 452
190 10 0 0.037678 505
210 10 0 0.045676 549
230 10 0 0.041324 626
250 10 0 0.043941 665
270 10 0 0.057210 728
290 10 0 0.077094 783
310 10 0 0.068213 827
330 10 0 0.077298 896
350 10 0 0.089318 944
370 10 0 0.098381 1005
390 10 0 0.111348 1049
410 10 0 0.121416 1105
430 10 0 0.136297 1169
450 10 0 0.145394 1204
470 10 0 0.158052 1261
490 10 0 0.176181 1303
510 10 0 0.187307 1360
530 10 0 0.204472 1435
550 10 0 0.215900 1464
570 10 0 0.232464 1522
590 10 0 0.247066 1576
610 10 0 0.266341 1636
630 10 0 0.287584 1683
650 10 0 0.310470 1748
670 10 0 0.323958 1784
690 10 0 0.345952 1842
710 10 0 0.372215 1907
730 10 0 0.387220 1949
750 10 0 0.406308 2040
770 10 0 0.424377 2037
790 10 0 0.450576 2103
810 10 0 0.470844 2147
830 10 0 0.504990 2209
850 10 0 0.526002 2246
870 10 0 0.551862 2310
890 10 0 0.581680 2374
910 10 0 0.603194 2432
930 10 0 0.637599 2476
950 10 0 0.670131 2534
970 10 0 0.695547 2613
990 10 0 0.725996 2652
