10 100 0 0.000083 80
30 100 0 0.000549 341
50 100 0 0.001329 646
70 100 0 0.002865 1012
90 100 0 0.004211 1380
110 100 0 0.006340 1756
130 100 0 0.008381 2207
150 100 0 0.016293 2614
170 100 0 0.026230 3019
190 100 0 0.033811 3405
210 100 0 0.035122 3850
230 100 0 0.044694 4335
250 100 0 0.054521 4758
270 100 0 0.064131 5267
290 100 0 0.073104 5662
310 100 0 0.083006 6173
330 100 0 0.093958 6589
350 100 0 0.105901 7144
370 100 0 0.118624 7284
390 100 0 0.132641 8075
410 100 0 0.144779 8685
430 100 0 0.161348 8978
450 100 0 0.176086 9460
470 100 0 0.192495 9930
490 100 0 0.206393 10339
510 100 0 0.262620 10965
530 100 0 0.296338 11272
550 100 0 0.270051 11815
570 100 0 0.283868 12452
590 100 0 0.305461 12644
610 100 0 0.324075 13201
630 100 0 0.347766 13896
650 100 0 0.368705 14103
670 100 0 0.391824 14736
690 100 0 0.418463 15493
710 100 0 0.445325 15765
730 100 0 0.472201 16300
750 100 0 0.492197 16770
770 100 0 0.521613 17142
790 100 0 0.548138 17538
810 100 0 0.578835 18217
830 100 0 0.606533 18848
850 100 0 0.647317 19103
870 100 0 0.669900 19764
890 100 0 0.693986 20249
910 100 0 0.732054 20489
930 100 0 0.778380 20947
950 100 0 0.809398 21487
970 100 0 0.842708 21982
990 100 0 0.903467 22503
