10 100 50 0.000047 14
30 100 50 0.000237 33
50 100 50 0.000553 48
70 100 50 0.000853 63
90 100 50 0.001746 73
110 100 50 0.002175 78
130 100 50 0.002177 87
150 100 50 0.003087 92
170 100 50 0.006293 99
190 100 50 0.008026 111
210 100 50 0.014934 111
230 100 50 0.012062 119
250 100 50 0.009491 116
270 100 50 0.010175 123
290 100 50 0.011465 125
310 100 50 0.012488 133
330 100 50 0.014638 133
350 100 50 0.017214 141
370 100 50 0.018881 140
390 100 50 0.020502 141
410 100 50 0.023509 153
430 100 50 0.025822 140
450 100 50 0.032177 154
470 100 50 0.053897 155
490 100 50 0.060171 159
510 100 50 0.065489 155
530 100 50 0.051075 157
550 100 50 0.042605 160
570 100 50 0.046763 166
590 100 50 0.050905 163
610 100 50 0.064260 163
630 100 50 0.073663 166
650 100 50 0.062926 170
670 100 50 0.064048 176
690 100 50 0.070514 173
710 100 50 0.073700 185
730 100 50 0.076517 176
750 100 50 0.082454 175
770 100 50 0.086309 177
790 100 50 0.089672 179
810 100 50 0.095510 184
830 100 50 0.100130 185
850 100 50 0.106289 188
870 100 50 0.126262 191
890 100 50 0.124554 185
910 100 50 0.131054 194
930 100 50 0.135668 197
950 100 50 0.169897 192
970 100 50 0.174985 195
990 100 50 0.182407 193
