10 10 50 0.000021 9
20 10 50 0.000074 13
30 10 50 0.000158 14
40 10 50 0.000223 16
50 10 50 0.000379 18
60 10 50 0.000457 18
70 10 50 0.000607 20
80 10 50 0.000836 20
90 10 50 0.001054 20
100 10 50 0.001265 21
110 10 50 0.001579 23
120 10 50 0.001869 22
130 10 50 0.001993 22
140 10 50 0.002290 23
150 10 50 0.002624 24
160 10 50 0.002989 25
170 10 50 0.003348 24
180 10 50 0.004481 25
190 10 50 0.005098 27
200 10 50 0.004578 26
210 10 50 0.005054 26
220 10 50 0.007949 27
230 10 50 0.009592 28
240 10 50 0.009420 26
250 10 50 0.009034 26
260 10 50 0.008368 27
270 10 50 0.008971 28
280 10 50 0.009632 28
290 10 50 0.010873 29
300 10 50 0.011154 28
310 10 50 0.011985 29
320 10 50 0.012808 29
330 10 50 0.013594 29
340 10 50 0.014550 30
350 10 50 0.015397 31
360 10 50 0.016187 29
370 10 50 0.017355 30
380 10 50 0.018213 30
390 10 50 0.019501 30
400 10 50 0.020126 29
410 10 50 0.021492 32
420 10 50 0.022554 30
430 10 50 0.023327 29
440 10 50 0.024616 31
450 10 50 0.026081 31
460 10 50 0.027036 31
470 10 50 0.028315 31
480 10 50 0.029892 32
490 10 50 0.033621 32
500 10 50 0.033051 31
510 10 50 0.034864 32
520 10 50 0.036519 32
530 10 50 0.039737 32
540 10 50 0.045430 33
550 10 50 0.044824 32
560 10 50 0.043396 32
570 10 50 0.046838 33
580 10 50 0.045318 33
590 10 50 0.046949 33
600 10 50 0.049640 34
610 10 50 0.053321 31
620 10 50 0.054815 31
630 10 50 0.081461 32
640 10 50 0.105826 33
650 10 50 0.058555 33
660 10 50 0.061898 34
670 10 50 0.064901 34
680 10 50 0.064902 35
690 10 50 0.088194 32
700 10 50 0.085238 34
710 10 50 0.069873 35
720 10 50 0.071630 34
730 10 50 0.073839 34
740 10 50 0.075427 35
750 10 50 0.077159 34
760 10 50 0.080668 35
770 10 50 0.082892 34
780 10 50 0.088911 35
790 10 50 0.087841 34
800 10 50 0.089769 34
810 10 50 0.102824 35
820 10 50 0.104091 34
830 10 50 0.155164 35
840 10 50 0.172509 35
850 10 50 0.168552 35
860 10 50 0.139722 35
870 10 50 0.150208 37
880 10 50 0.196151 34
890 10 50 0.147371 35
900 10 50 0.124674 36
910 10 50 0.131646 36
920 10 50 0.152614 35
930 10 50 0.127374 36
940 10 50 0.135107 36
950 10 50 0.142382 35
960 10 50 0.161668 36
970 10 50 0.180930 37
980 10 50 0.191871 36
990 10 50 0.184314 37
