10 10 50 0.000021 8
20 10 50 0.000072 13
30 10 50 0.000150 14
40 10 50 0.000246 16
50 10 50 0.000380 17
60 10 50 0.000546 18
70 10 50 0.000637 19
80 10 50 0.000962 20
90 10 50 0.001106 20
100 10 50 0.001336 21
110 10 50 0.001653 22
120 10 50 0.001942 22
130 10 50 0.002065 23
140 10 50 0.002427 23
150 10 50 0.002740 25
160 10 50 0.003093 25
170 10 50 0.003604 23
180 10 50 0.005949 24
190 10 50 0.004524 28
200 10 50 0.004684 26
210 10 50 0.006662 26
220 10 50 0.008844 26
230 10 50 0.009507 28
240 10 50 0.010073 26
250 10 50 0.007873 26
260 10 50 0.008828 27
270 10 50 0.009157 28
280 10 50 0.009691 28
290 10 50 0.010638 28
300 10 50 0.011279 28
310 10 50 0.012131 30
320 10 50 0.012942 30
330 10 50 0.013585 29
340 10 50 0.014629 30
350 10 50 0.015542 31
360 10 50 0.016311 28
370 10 50 0.017409 31
380 10 50 0.018274 30
390 10 50 0.019359 31
400 10 50 0.020313 30
410 10 50 0.021791 32
420 10 50 0.022626 31
430 10 50 0.023612 29
440 10 50 0.024761 31
450 10 50 0.026292 32
460 10 50 0.027334 31
470 10 50 0.028801 31
480 10 50 0.030140 32
490 10 50 0.031672 32
500 10 50 0.032546 31
510 10 50 0.034201 32
520 10 50 0.035779 32
530 10 50 0.036759 32
540 10 50 0.038973 33
550 10 50 0.040230 33
560 10 50 0.041980 32
570 10 50 0.042930 33
580 10 50 0.044782 33
590 10 50 0.046196 33
600 10 50 0.048298 34
610 10 50 0.050110 33
620 10 50 0.051976 31
630 10 50 0.054166 32
640 10 50 0.055693 33
650 10 50 0.057618 34
660 10 50 0.059121 34
670 10 50 0.061748 35
680 10 50 0.062980 35
690 10 50 0.066082 33
700 10 50 0.067454 35
710 10 50 0.069554 34
720 10 50 0.071586 34
730 10 50 0.073690 34
740 10 50 0.075279 35
750 10 50 0.077359 33
760 10 50 0.080288 35
770 10 50 0.083076 34
780 10 50 0.085798 36
790 10 50 0.087412 33
800 10 50 0.089493 36
810 10 50 0.093207 35
820 10 50 0.094732 35
830 10 50 0.098276 35
840 10 50 0.100405 36
850 10 50 0.103056 35
860 10 50 0.107351 35
870 10 50 0.106129 38
880 10 50 0.110131 35
890 10 50 0.114175 35
900 10 50 0.117828 37
910 10 50 0.121354 37
920 10 50 0.122762 36
930 10 50 0.125831 37
940 10 50 0.128792 37
950 10 50 0.133175 37
960 10 50 0.137440 36
970 10 50 0.137663 37
980 10 50 0.141840 37
990 10 50 0.145596 37
