1000 10 50 0.178013 37
1000 12 50 0.149435 43
1000 14 50 0.175380 49
1000 16 50 0.185068 54
1000 18 50 0.166629 58
1000 20 50 0.156234 63
1000 22 50 0.150117 69
1000 24 50 0.148324 72
1000 26 50 0.166289 77
1000 28 50 0.162039 80
1000 30 50 0.144489 85
1000 32 50 0.143630 90
1000 34 50 0.144509 94
1000 36 50 0.143656 97
1000 38 50 0.143302 101
1000 40 50 0.143636 104
1000 42 50 0.144330 109
1000 44 50 0.143928 114
1000 46 50 0.143951 116
1000 48 50 0.143198 121
1000 50 50 0.144019 121
1000 52 50 0.144595 127
1000 54 50 0.144246 131
1000 56 50 0.144685 134
1000 58 50 0.144137 139
1000 60 50 0.143891 141
1000 62 50 0.144446 144
1000 64 50 0.143571 148
1000 66 50 0.144283 150
1000 68 50 0.144008 153
1000 70 50 0.144225 158
1000 72 50 0.143511 158
1000 74 50 0.144346 162
1000 76 50 0.143580 165
1000 78 50 0.144836 168
1000 80 50 0.143539 172
1000 82 50 0.143853 174
1000 84 50 0.144072 178
1000 86 50 0.144842 180
1000 88 50 0.144035 180
1000 90 50 0.144333 186
1000 92 50 0.144230 187
1000 94 50 0.143946 190
1000 96 50 0.143657 191
1000 98 50 0.144496 194
