10 10 0 0.000075 27
20 10 0 0.000346 53
30 10 0 0.000915 78
40 10 0 0.001335 100
50 10 0 0.001907 127
60 10 0 0.002556 149
70 10 0 0.003489 172
80 10 0 0.004733 192
90 10 0 0.006059 217
100 10 0 0.008961 237
110 10 0 0.010325 263
120 10 0 0.015367 288
130 10 0 0.014450 310
140 10 0 0.019491 337
150 10 0 0.023026 354
160 10 0 0.025547 377
170 10 0 0.029162 401
180 10 0 0.034252 423
190 10 0 0.038457 444
200 10 0 0.040990 471
210 10 0 0.045628 494
220 10 0 0.051053 514
230 10 0 0.055644 542
240 10 0 0.058960 566
250 10 0 0.063299 587
260 10 0 0.068143 611
270 10 0 0.073584 626
280 10 0 0.078387 658
290 10 0 0.083678 677
300 10 0 0.089222 702
310 10 0 0.094150 724
320 10 0 0.100457 739
330 10 0 0.105549 776
340 10 0 0.111693 793
350 10 0 0.116896 818
360 10 0 0.123146 845
370 10 0 0.129236 863
380 10 0 0.134945 891
390 10 0 0.141241 907
400 10 0 0.148112 937
410 10 0 0.153644 948
420 10 0 0.160043 979
430 10 0 0.167110 989
440 10 0 0.173881 1024
450 10 0 0.180830 1044
460 10 0 0.187757 1075
470 10 0 0.194056 1103
480 10 0 0.201934 1114
490 10 0 0.209424 1145
500 10 0 0.216905 1160
510 10 0 0.225692 1181
520 10 0 0.233161 1201
530 10 0 0.241713 1234
540 10 0 0.249880 1252
550 10 0 0.259409 1273
560 10 0 0.269002 1296
570 10 0 0.277571 1320
580 10 0 0.286035 1347
590 10 0 0.294870 1367
600 10 0 0.304607 1386
610 10 0 0.313844 1411
620 10 0 0.324471 1436
630 10 0 0.334965 1467
640 10 0 0.344966 1479
650 10 0 0.355951 1511
660 10 0 0.365776 1534
670 10 0 0.375082 1555
680 10 0 0.386615 1564
690 10 0 0.398116 1600
700 10 0 0.409376 1621
710 10 0 0.420249 1648
720 10 0 0.432783 1679
730 10 0 0.443586 1700
740 10 0 0.455198 1722
750 10 0 0.466956 1735
760 10 0 0.479478 1761
770 10 0 0.492780 1783
780 10 0 0.503658 1807
790 10 0 0.517462 1817
800 10 0 0.529908 1858
810 10 0 0.543527 1867
820 10 0 0.557373 1909
830 10 0 0.569714 1925
840 10 0 0.582988 1935
850 10 0 0.596616 1980
860 10 0 0.612768 1987
870 10 0 0.626401 2007
880 10 0 0.640413 2043
890 10 0 0.655953 2061
900 10 0 0.669384 2086
910 10 0 0.685857 2097
920 10 0 0.701885 2117
930 10 0 0.717192 2137
940 10 0 0.733690 2189
950 10 0 0.749680 2203
960 10 0 0.766732 2212
970 10 0 0.783907 2239
980 10 0 0.801115 2263
990 10 0 0.819056 2292
