10 10 50 0.000080 8
10 12 50 0.000082 9
10 14 50 0.000081 9
10 16 50 0.000063 10
10 18 50 0.000068 10
10 20 50 0.000056 11
10 22 50 0.000055 12
10 24 50 0.000092 12
10 26 50 0.000094 12
10 28 50 0.000094 12
10 30 50 0.000079 12
10 32 50 0.000082 12
10 34 50 0.000088 13
10 36 50 0.000081 12
10 38 50 0.000076 13
10 40 50 0.000078 13
10 42 50 0.000078 13
10 44 50 0.000079 13
10 46 50 0.000076 13
10 48 50 0.000080 13
10 50 50 0.000079 13
10 52 50 0.000085 13
10 54 50 0.000084 13
10 56 50 0.000083 14
10 58 50 0.000083 14
10 60 50 0.000095 14
10 62 50 0.000081 14
10 64 50 0.000075 14
10 66 50 0.000085 14
10 68 50 0.000086 14
10 70 50 0.000085 13
10 72 50 0.000084 14
10 74 50 0.000085 14
10 76 50 0.000084 14
10 78 50 0.000088 14
10 80 50 0.000082 14
10 82 50 0.000076 14
10 84 50 0.000073 14
10 86 50 0.000076 14
10 88 50 0.000075 14
10 90 50 0.000083 14
10 92 50 0.000083 14
10 94 50 0.000089 14
10 96 50 0.000095 14
10 98 50 0.000078 14
