1000 10 0 0.854789 2290
1000 12 0 0.924901 2707
1000 14 0 0.945306 3061
1000 16 0 1.043372 3369
1000 18 0 0.906815 3660
1000 20 0 1.154752 3901
1000 22 0 1.150773 4210
1000 24 0 1.181689 4425
1000 26 0 1.122302 4628
1000 28 0 1.132494 4904
1000 30 0 1.009460 5102
1000 32 0 0.983596 5367
1000 34 0 0.991130 5488
1000 36 0 1.016640 5659
1000 38 0 1.068138 5881
1000 40 0 1.121713 6099
1000 42 0 1.044542 6312
1000 44 0 1.058368 6467
1000 46 0 1.085388 6674
1000 48 0 1.047286 6827
1000 50 0 1.046856 6909
1000 52 0 1.257179 7148
1000 54 0 1.215685 7389
1000 56 0 1.294850 7513
1000 58 0 1.220066 7678
1000 60 0 1.188811 7841
1000 62 0 1.234121 7949
1000 64 0 1.206632 8156
1000 66 0 1.204466 8269
1000 68 0 1.214240 8508
1000 70 0 1.213665 8708
1000 72 0 1.215262 8788
1000 74 0 1.222222 8977
1000 76 0 1.221400 9063
1000 78 0 1.237469 9279
1000 80 0 1.225808 9385
1000 82 0 1.219753 9502
1000 84 0 1.233072 9777
1000 86 0 1.330584 9909
1000 88 0 1.239531 10071
1000 90 0 1.243871 10056
1000 92 0 1.244466 10318
1000 94 0 1.243166 10463
1000 96 0 1.243175 10639
1000 98 0 1.245476 10826
