10 10 0 0.000044 27
10 12 0 0.000044 30
10 14 0 0.000044 33
10 16 0 0.000052 36
10 18 0 0.000047 38
10 20 0 0.000049 40
10 22 0 0.000057 44
10 24 0 0.000047 45
10 26 0 0.000047 49
10 28 0 0.000047 49
10 30 0 0.000048 52
10 32 0 0.000048 52
10 34 0 0.000048 56
10 36 0 0.000048 55
10 38 0 0.000049 57
10 40 0 0.000049 58
10 42 0 0.000050 59
10 44 0 0.000067 60
10 46 0 0.000055 61
10 48 0 0.000057 62
10 50 0 0.000057 62
10 52 0 0.000093 65
10 54 0 0.000057 64
10 56 0 0.000053 66
10 58 0 0.000053 66
10 60 0 0.000053 67
10 62 0 0.000053 68
10 64 0 0.000055 69
10 66 0 0.000070 69
10 68 0 0.000069 70
10 70 0 0.000071 69
10 72 0 0.000070 71
10 74 0 0.000072 72
10 76 0 0.000071 72
10 78 0 0.000072 73
10 80 0 0.000072 73
10 82 0 0.000071 74
10 84 0 0.000071 74
10 86 0 0.000111 75
10 88 0 0.000091 76
10 90 0 0.000078 75
10 92 0 0.000091 77
10 94 0 0.000087 76
10 96 0 0.000076 76
10 98 0 0.000077 77
