10 100 0 0.000383 76
20 100 0 0.000571 196
30 100 0 0.001140 301
40 100 0 0.001744 402
50 100 0 0.002407 512
60 100 0 0.003353 624
70 100 0 0.004406 727
80 100 0 0.005754 829
90 100 0 0.008480 931
100 100 0 0.011040 1039
110 100 0 0.013391 1155
120 100 0 0.017920 1250
130 100 0 0.018705 1366
140 100 0 0.023084 1483
150 100 0 0.027024 1577
160 100 0 0.030381 1692
170 100 0 0.034803 1795
180 100 0 0.040330 1902
190 100 0 0.045322 2020
200 100 0 0.048428 2143
210 100 0 0.053365 2208
220 100 0 0.060332 2349
230 100 0 0.066222 2430
240 100 0 0.069138 2543
250 100 0 0.074919 2680
260 100 0 0.080698 2800
270 100 0 0.086597 2847
280 100 0 0.093284 3020
290 100 0 0.099058 3096
300 100 0 0.105931 3173
310 100 0 0.112223 3285
320 100 0 0.119125 3415
330 100 0 0.125743 3512
340 100 0 0.133075 3639
350 100 0 0.139578 3795
360 100 0 0.147016 3919
370 100 0 0.154887 3973
380 100 0 0.161488 4096
390 100 0 0.170405 4257
400 100 0 0.178084 4309
410 100 0 0.186309 4435
420 100 0 0.194568 4526
430 100 0 0.203647 4607
440 100 0 0.212621 4734
450 100 0 0.221927 4872
460 100 0 0.231673 4920
470 100 0 0.241585 5110
480 100 0 0.252971 5161
490 100 0 0.261805 5327
500 100 0 0.272851 5425
510 100 0 0.284104 5515
520 100 0 0.295057 5615
530 100 0 0.307153 5658
540 100 0 0.318400 5825
550 100 0 0.331795 5934
560 100 0 0.344662 6096
570 100 0 0.357152 6194
580 100 0 0.370067 6330
590 100 0 0.383120 6473
600 100 0 0.397195 6534
610 100 0 0.412195 6604
620 100 0 0.424976 6724
630 100 0 0.440920 6813
640 100 0 0.453911 6962
650 100 0 0.469985 7011
660 100 0 0.484923 7178
670 100 0 0.500456 7244
680 100 0 0.517123 7377
690 100 0 0.533467 7375
700 100 0 0.549864 7613
710 100 0 0.567259 7650
720 100 0 0.584066 7856
730 100 0 0.602597 7918
740 100 0 0.619377 8067
750 100 0 0.637993 8135
760 100 0 0.656822 8188
770 100 0 0.674064 8389
780 100 0 0.694304 8416
790 100 0 0.713921 8581
800 100 0 0.734435 8626
810 100 0 0.755071 8783
820 100 0 0.774944 8918
830 100 0 0.795498 8977
840 100 0 0.816683 9107
850 100 0 0.837652 9212
860 100 0 0.863324 9391
870 100 0 0.883087 9493
880 100 0 0.905804 9527
890 100 0 0.927989 9772
900 100 0 0.950446 9805
910 100 0 0.973572 10031
920 100 0 0.999580 10068
930 100 0 1.025745 10104
940 100 0 1.049083 10239
950 100 0 1.077592 10350
960 100 0 1.101497 10415
970 100 0 1.127536 10577
980 100 0 1.148259 10703
990 100 0 1.173417 10716
