10 100 50 0.000044 14
20 100 50 0.000117 25
30 100 50 0.000234 33
40 100 50 0.000370 42
50 100 50 0.000464 48
60 100 50 0.000659 55
70 100 50 0.000862 63
80 100 50 0.001053 67
90 100 50 0.001285 74
100 100 50 0.001487 76
110 100 50 0.001758 79
120 100 50 0.002059 85
130 100 50 0.002191 86
140 100 50 0.002519 90
150 100 50 0.002864 93
160 100 50 0.003217 101
170 100 50 0.004716 101
180 100 50 0.005721 105
190 100 50 0.004636 113
200 100 50 0.004869 109
210 100 50 0.007968 112
220 100 50 0.009104 113
230 100 50 0.009547 120
240 100 50 0.007840 117
250 100 50 0.007717 117
260 100 50 0.008678 123
270 100 50 0.009478 123
280 100 50 0.009929 125
290 100 50 0.010811 125
300 100 50 0.011647 132
310 100 50 0.012185 134
320 100 50 0.013225 136
330 100 50 0.013961 134
340 100 50 0.014916 138
350 100 50 0.015690 142
360 100 50 0.016493 139
370 100 50 0.017778 141
380 100 50 0.018876 143
390 100 50 0.019552 142
400 100 50 0.020484 142
410 100 50 0.022177 153
420 100 50 0.023218 149
430 100 50 0.024277 142
440 100 50 0.025222 147
450 100 50 0.026783 155
460 100 50 0.027790 149
470 100 50 0.028850 156
480 100 50 0.030405 156
490 100 50 0.031954 158
500 100 50 0.032950 157
510 100 50 0.034549 156
520 100 50 0.036289 162
530 100 50 0.037072 159
540 100 50 0.039117 160
550 100 50 0.040784 160
560 100 50 0.042280 163
570 100 50 0.043608 169
580 100 50 0.045355 169
590 100 50 0.047018 162
600 100 50 0.048381 164
610 100 50 0.050396 165
620 100 50 0.052110 165
630 100 50 0.054465 168
640 100 50 0.055831 174
650 100 50 0.057589 170
660 100 50 0.059068 176
670 100 50 0.061813 176
680 100 50 0.063542 173
690 100 50 0.066187 175
700 100 50 0.067638 178
710 100 50 0.069165 184
720 100 50 0.071115 176
730 100 50 0.073686 176
740 100 50 0.074986 181
750 100 50 0.077287 174
760 100 50 0.080087 181
770 100 50 0.082192 179
780 100 50 0.085211 187
790 100 50 0.087557 181
800 100 50 0.089147 187
810 100 50 0.092829 185
820 100 50 0.093697 182
830 100 50 0.097640 188
840 100 50 0.099993 189
850 100 50 0.102926 187
860 100 50 0.106353 193
870 100 50 0.105874 194
880 100 50 0.109747 187
890 100 50 0.112691 186
900 100 50 0.116187 190
910 100 50 0.119938 195
920 100 50 0.121877 188
930 100 50 0.124648 196
940 100 50 0.129181 195
950 100 50 0.130829 194
960 100 50 0.135682 196
970 100 50 0.135730 196
980 100 50 0.140999 195
990 100 50 0.143179 196
