1000 10 0 0.713127 2309
1000 12 0 0.739095 2711
1000 14 0 0.755703 3066
1000 16 0 0.768405 3438
1000 18 0 0.801875 3828
1000 20 0 0.795706 4123
1000 22 0 0.806375 4482
1000 24 0 0.838900 4703
1000 26 0 0.826164 4980
1000 28 0 0.839912 5257
1000 30 0 0.848176 5497
1000 32 0 0.860760 5731
1000 34 0 0.864843 5940
1000 36 0 0.874313 6129
1000 38 0 0.879430 6327
1000 40 0 0.888578 6566
1000 42 0 0.895551 6788
1000 44 0 0.898815 6950
1000 46 0 0.903163 7188
1000 48 0 0.908859 7407
1000 50 0 0.917365 7476
1000 52 0 0.920173 7693
1000 54 0 1.024833 7914
1000 56 0 0.908497 8104
1000 58 0 0.913916 8228
1000 60 0 0.916742 8358
1000 62 0 0.919566 8523
1000 64 0 0.972318 8712
1000 66 0 0.964153 8846
1000 68 0 0.968061 9054
1000 70 0 0.969328 9291
1000 72 0 0.977160 9408
1000 74 0 0.978542 9515
1000 76 0 0.982381 9699
1000 78 0 0.984981 9915
1000 80 0 1.000046 10016
1000 82 0 0.988624 10103
1000 84 0 0.991528 10353
1000 86 0 0.996130 10559
1000 88 0 0.998440 10633
1000 90 0 1.078500 10688
1000 92 0 0.978188 10856
1000 94 0 0.966287 11070
1000 96 0 0.970674 11218
1000 98 0 0.970209 11411
