1000 10 50 0.174198 38
1000 12 50 0.175614 45
1000 14 50 0.174230 50
1000 16 50 0.172389 56
1000 18 50 0.172038 61
1000 20 50 0.173505 66
1000 22 50 0.173507 72
1000 24 50 0.172888 74
1000 26 50 0.173439 79
1000 28 50 0.173446 84
1000 30 50 0.173209 88
1000 32 50 0.172741 93
1000 34 50 0.174020 96
1000 36 50 0.173126 100
1000 38 50 0.173282 105
1000 40 50 0.174383 108
1000 42 50 0.174215 113
1000 44 50 0.173325 118
1000 46 50 0.173511 118
1000 48 50 0.173829 123
1000 50 50 0.175552 127
1000 52 50 0.174205 130
1000 54 50 0.174818 133
1000 56 50 0.175288 138
1000 58 50 0.175249 141
1000 60 50 0.175024 144
1000 62 50 0.175775 146
1000 64 50 0.175043 149
1000 66 50 0.175863 152
1000 68 50 0.175038 156
1000 70 50 0.176710 161
1000 72 50 0.174992 161
1000 74 50 0.175674 164
1000 76 50 0.175161 167
1000 78 50 0.176862 170
1000 80 50 0.176480 175
1000 82 50 0.176006 176
1000 84 50 0.175867 182
1000 86 50 0.176529 184
1000 88 50 0.176760 185
1000 90 50 0.177704 188
1000 92 50 0.176933 190
1000 94 50 0.177102 194
1000 96 50 0.176607 194
1000 98 50 0.178199 199
