10 100 50 0.000060 15
20 100 50 0.000269 27
30 100 50 0.000366 34
40 100 50 0.000593 43
50 100 50 0.000786 50
60 100 50 0.001177 57
70 100 50 0.001800 65
80 100 50 0.001805 69
90 100 50 0.002006 75
100 100 50 0.002405 78
110 100 50 0.002871 81
120 100 50 0.003522 87
130 100 50 0.003067 88
140 100 50 0.004105 94
150 100 50 0.005351 95
160 100 50 0.005046 102
170 100 50 0.004308 104
180 100 50 0.004965 109
190 100 50 0.010384 114
200 100 50 0.010071 112
210 100 50 0.009732 115
220 100 50 0.007446 115
230 100 50 0.007402 123
240 100 50 0.008413 119
250 100 50 0.008745 120
260 100 50 0.010000 124
270 100 50 0.010328 127
280 100 50 0.011348 128
290 100 50 0.011675 128
300 100 50 0.013055 134
310 100 50 0.013733 138
320 100 50 0.014191 139
330 100 50 0.015009 137
340 100 50 0.016682 142
350 100 50 0.017761 145
360 100 50 0.018706 141
370 100 50 0.019652 144
380 100 50 0.020536 146
390 100 50 0.022102 145
400 100 50 0.022908 145
410 100 50 0.023845 156
420 100 50 0.025295 153
430 100 50 0.026660 144
440 100 50 0.028160 150
450 100 50 0.029360 158
460 100 50 0.043689 153
470 100 50 0.061181 158
480 100 50 0.064173 159
490 100 50 0.063719 161
500 100 50 0.066351 159
510 100 50 0.072054 158
520 100 50 0.073876 165
530 100 50 0.076341 163
540 100 50 0.080098 163
550 100 50 0.082903 164
560 100 50 0.084311 166
570 100 50 0.087561 172
580 100 50 0.090040 174
590 100 50 0.094239 164
600 100 50 0.097899 169
610 100 50 0.061858 168
620 100 50 0.057891 166
630 100 50 0.060368 171
640 100 50 0.061616 177
650 100 50 0.063638 173
660 100 50 0.064849 178
670 100 50 0.067673 178
680 100 50 0.069857 177
690 100 50 0.072078 177
700 100 50 0.082248 181
710 100 50 0.079346 188
720 100 50 0.084885 180
730 100 50 0.086050 179
740 100 50 0.091439 183
750 100 50 0.089654 176
760 100 50 0.099850 184
770 100 50 0.093537 181
780 100 50 0.101107 190
790 100 50 0.096992 183
800 100 50 0.098862 189
810 100 50 0.162122 187
820 100 50 0.126714 185
830 100 50 0.109377 191
840 100 50 0.118661 192
850 100 50 0.121218 189
860 100 50 0.117046 196
870 100 50 0.119367 196
880 100 50 0.118878 189
890 100 50 0.126192 189
900 100 50 0.129176 192
910 100 50 0.132180 198
920 100 50 0.134863 192
930 100 50 0.136754 200
940 100 50 0.144054 197
950 100 50 0.143905 198
960 100 50 0.151547 200
970 100 50 0.149090 199
980 100 50 0.155987 198
990 100 50 0.156259 199
