10 10 0 0.000055 28
20 10 0 0.000201 55
30 10 0 0.000452 80
40 10 0 0.000789 105
50 10 0 0.001185 128
60 10 0 0.001695 154
70 10 0 0.002754 177
80 10 0 0.003119 197
90 10 0 0.004429 224
100 10 0 0.005392 243
110 10 0 0.011510 272
120 10 0 0.010148 296
130 10 0 0.009497 317
140 10 0 0.019076 344
150 10 0 0.018210 361
160 10 0 0.014337 388
170 10 0 0.017072 410
180 10 0 0.022660 431
190 10 0 0.026846 456
200 10 0 0.033692 477
210 10 0 0.037919 504
220 10 0 0.045649 533
230 10 0 0.035614 552
240 10 0 0.035098 568
250 10 0 0.038404 591
260 10 0 0.041643 613
270 10 0 0.048113 639
280 10 0 0.052429 662
290 10 0 0.057069 684
300 10 0 0.061630 708
310 10 0 0.072511 739
320 10 0 0.089049 755
330 10 0 0.075715 780
340 10 0 0.077629 801
350 10 0 0.081957 828
360 10 0 0.090456 848
370 10 0 0.089821 866
380 10 0 0.096317 896
390 10 0 0.097702 923
400 10 0 0.105608 936
410 10 0 0.107915 964
420 10 0 0.116019 978
430 10 0 0.121564 1005
440 10 0 0.131339 1043
450 10 0 0.134475 1048
460 10 0 0.134700 1081
470 10 0 0.149468 1111
480 10 0 0.151093 1118
490 10 0 0.157711 1148
500 10 0 0.165504 1165
510 10 0 0.171452 1186
520 10 0 0.171780 1225
530 10 0 0.177451 1244
540 10 0 0.208405 1258
550 10 0 0.208413 1295
560 10 0 0.233756 1298
570 10 0 0.215253 1332
580 10 0 0.215152 1352
590 10 0 0.259841 1373
600 10 0 0.286904 1403
610 10 0 0.252939 1413
620 10 0 0.268603 1446
630 10 0 0.284723 1468
640 10 0 0.268081 1489
650 10 0 0.280227 1510
660 10 0 0.345176 1534
670 10 0 0.309694 1557
680 10 0 0.305453 1581
690 10 0 0.303488 1589
700 10 0 0.312450 1631
710 10 0 0.322698 1643
720 10 0 0.331860 1682
730 10 0 0.341642 1713
740 10 0 0.352088 1720
750 10 0 0.360815 1738
760 10 0 0.441501 1775
770 10 0 0.417848 1783
780 10 0 0.393999 1798
790 10 0 0.402563 1835
800 10 0 0.414746 1844
810 10 0 0.425604 1877
820 10 0 0.450717 1896
830 10 0 0.484149 1917
840 10 0 0.522377 1956
850 10 0 0.678660 1956
860 10 0 0.530777 1982
870 10 0 0.720159 2017
880 10 0 0.726568 2033
890 10 0 0.609267 2056
900 10 0 0.590010 2084
910 10 0 0.579672 2105
920 10 0 0.727108 2123
930 10 0 0.678422 2147
940 10 0 0.654374 2171
950 10 0 0.703516 2188
960 10 0 0.850919 2215
970 10 0 0.787764 2240
980 10 0 0.685963 2275
990 10 0 0.679035 2279
