10 10 0 0.000094 28
10 12 0 0.000102 31
10 14 0 0.000094 35
10 16 0 0.000085 38
10 18 0 0.000090 41
10 20 0 0.000092 43
10 22 0 0.000095 45
10 24 0 0.000101 46
10 26 0 0.000120 49
10 28 0 0.000090 51
10 30 0 0.000104 52
10 32 0 0.000129 54
10 34 0 0.000127 56
10 36 0 0.000092 56
10 38 0 0.000090 59
10 40 0 0.000095 59
10 42 0 0.000092 60
10 44 0 0.000091 61
10 46 0 0.000089 62
10 48 0 0.000090 64
10 50 0 0.000098 63
10 52 0 0.000096 65
10 54 0 0.000112 66
10 56 0 0.000087 67
10 58 0 0.000092 67
10 60 0 0.000127 68
10 62 0 0.000093 70
10 64 0 0.000089 70
10 66 0 0.000120 69
10 68 0 0.000116 71
10 70 0 0.000115 71
10 72 0 0.000105 73
10 74 0 0.000114 73
10 76 0 0.000136 72
10 78 0 0.000165 73
10 80 0 0.000123 74
10 82 0 0.000112 74
10 84 0 0.000112 75
10 86 0 0.000159 76
10 88 0 0.000120 77
10 90 0 0.000117 77
10 92 0 0.000115 77
10 94 0 0.000118 77
10 96 0 0.000118 78
10 98 0 0.000129 79
