10 10 50 0.000029 10
20 10 50 0.000088 14
30 10 50 0.000176 15
40 10 50 0.000272 17
50 10 50 0.000373 19
60 10 50 0.000556 19
70 10 50 0.000692 21
80 10 50 0.000936 22
90 10 50 0.001137 22
100 10 50 0.001367 23
110 10 50 0.001696 23
120 10 50 0.001973 23
130 10 50 0.002137 24
140 10 50 0.002436 26
150 10 50 0.002792 26
160 10 50 0.003262 26
170 10 50 0.004118 26
180 10 50 0.005473 27
190 10 50 0.004495 29
200 10 50 0.004893 28
210 10 50 0.006709 28
220 10 50 0.009337 28
230 10 50 0.010384 29
240 10 50 0.011314 28
250 10 50 0.009562 28
260 10 50 0.010259 29
270 10 50 0.017574 30
280 10 50 0.018306 31
290 10 50 0.019541 31
300 10 50 0.021197 31
310 10 50 0.022998 32
320 10 50 0.024211 31
330 10 50 0.022959 31
340 10 50 0.014355 32
350 10 50 0.014947 33
360 10 50 0.016180 31
370 10 50 0.017169 33
380 10 50 0.018424 32
390 10 50 0.018980 32
400 10 50 0.020179 31
410 10 50 0.021223 34
420 10 50 0.022148 33
430 10 50 0.023305 31
440 10 50 0.024689 33
450 10 50 0.025778 33
460 10 50 0.027167 33
470 10 50 0.028529 33
480 10 50 0.029893 33
490 10 50 0.031555 35
500 10 50 0.032213 33
510 10 50 0.033992 35
520 10 50 0.035739 34
530 10 50 0.036368 34
540 10 50 0.038794 35
550 10 50 0.041107 35
560 10 50 0.041212 34
570 10 50 0.042537 35
580 10 50 0.044280 35
590 10 50 0.045704 35
600 10 50 0.047881 36
610 10 50 0.050820 35
620 10 50 0.052049 33
630 10 50 0.054253 34
640 10 50 0.055727 35
650 10 50 0.058089 35
660 10 50 0.058623 36
670 10 50 0.061767 37
680 10 50 0.063022 36
690 10 50 0.065922 35
700 10 50 0.068673 37
710 10 50 0.069417 36
720 10 50 0.094429 36
730 10 50 0.131654 36
740 10 50 0.132089 37
750 10 50 0.115127 36
760 10 50 0.100505 38
770 10 50 0.083317 36
780 10 50 0.085956 38
790 10 50 0.143134 36
800 10 50 0.133897 38
810 10 50 0.093893 37
820 10 50 0.095554 36
830 10 50 0.102566 37
840 10 50 0.108379 37
850 10 50 0.112376 37
860 10 50 0.120473 37
870 10 50 0.116252 39
880 10 50 0.114049 37
890 10 50 0.117559 38
900 10 50 0.143285 40
910 10 50 0.210186 40
920 10 50 0.181568 38
930 10 50 0.220907 39
940 10 50 0.169602 38
950 10 50 0.145422 39
960 10 50 0.150834 39
970 10 50 0.140680 38
980 10 50 0.153810 39
990 10 50 0.159142 39
