10 10 50 0.000032 10
10 12 50 0.000033 10
10 14 50 0.000032 10
10 16 50 0.000033 11
10 18 50 0.000033 11
10 20 50 0.000033 12
10 22 50 0.000034 13
10 24 50 0.000035 13
10 26 50 0.000036 13
10 28 50 0.000034 13
10 30 50 0.000034 13
10 32 50 0.000034 13
10 34 50 0.000035 13
10 36 50 0.000036 13
10 38 50 0.000035 14
10 40 50 0.000033 14
10 42 50 0.000033 14
10 44 50 0.000034 14
10 46 50 0.000035 14
10 48 50 0.000035 14
10 50 50 0.000033 14
10 52 50 0.000037 14
10 54 50 0.000033 14
10 56 50 0.000034 15
10 58 50 0.000034 15
10 60 50 0.000033 15
10 62 50 0.000034 15
10 64 50 0.000035 15
10 66 50 0.000045 15
10 68 50 0.000043 15
10 70 50 0.000043 14
10 72 50 0.000041 15
10 74 50 0.000041 15
10 76 50 0.000040 15
10 78 50 0.000041 15
10 80 50 0.000040 15
10 82 50 0.000045 15
10 84 50 0.000042 15
10 86 50 0.000043 15
10 88 50 0.000045 15
10 90 50 0.000043 15
10 92 50 0.000044 15
10 94 50 0.000044 15
10 96 50 0.000044 15
10 98 50 0.000046 15
