10 100 0 0.000210 77
20 100 0 0.000532 196
30 100 0 0.001394 307
40 100 0 0.001997 408
50 100 0 0.002485 518
60 100 0 0.003392 635
70 100 0 0.005296 737
80 100 0 0.005760 838
90 100 0 0.008238 953
100 100 0 0.012699 1065
110 100 0 0.011070 1176
120 100 0 0.025396 1283
130 100 0 0.018169 1394
140 100 0 0.016322 1530
150 100 0 0.019413 1623
160 100 0 0.022752 1733
170 100 0 0.025884 1840
180 100 0 0.029667 1960
190 100 0 0.033413 2069
200 100 0 0.036594 2185
210 100 0 0.039709 2293
220 100 0 0.043935 2424
230 100 0 0.047477 2535
240 100 0 0.050889 2633
250 100 0 0.056672 2773
260 100 0 0.059770 2871
270 100 0 0.063849 2960
280 100 0 0.068401 3109
290 100 0 0.073721 3208
300 100 0 0.078455 3297
310 100 0 0.083652 3437
320 100 0 0.088058 3576
330 100 0 0.093313 3664
340 100 0 0.098747 3816
350 100 0 0.104841 3916
360 100 0 0.111636 4089
370 100 0 0.116826 4124
380 100 0 0.122388 4288
390 100 0 0.129086 4418
400 100 0 0.134948 4474
410 100 0 0.143500 4653
420 100 0 0.149486 4721
430 100 0 0.156815 4806
440 100 0 0.164506 4964
450 100 0 0.172179 5065
460 100 0 0.179364 5138
470 100 0 0.187384 5360
480 100 0 0.194136 5419
490 100 0 0.202471 5576
500 100 0 0.210170 5677
510 100 0 0.219800 5767
520 100 0 0.228209 5874
530 100 0 0.239672 5939
540 100 0 0.250774 6095
550 100 0 0.259352 6195
560 100 0 0.270606 6393
570 100 0 0.278967 6469
580 100 0 0.289396 6635
590 100 0 0.301006 6738
600 100 0 0.312912 6870
610 100 0 0.370245 6909
620 100 0 0.335346 7093
630 100 0 0.345631 7128
640 100 0 0.356896 7319
650 100 0 0.366345 7371
660 100 0 0.380923 7556
670 100 0 0.395059 7617
680 100 0 0.409916 7738
690 100 0 0.419602 7790
700 100 0 0.434246 8035
710 100 0 0.448560 8031
720 100 0 0.632460 8237
730 100 0 0.525939 8310
740 100 0 0.487757 8406
750 100 0 0.498301 8609
760 100 0 0.522572 8673
770 100 0 0.536187 8816
780 100 0 0.555860 8815
790 100 0 0.570155 9014
800 100 0 0.585425 9097
810 100 0 0.601056 9209
820 100 0 0.613831 9347
830 100 0 0.624777 9497
840 100 0 0.710779 9569
850 100 0 0.749631 9733
860 100 0 0.691336 9878
870 100 0 0.698348 9919
880 100 0 0.705630 10049
890 100 0 0.772400 10294
900 100 0 0.833509 10315
910 100 0 0.833104 10548
920 100 0 0.806863 10655
930 100 0 0.847666 10681
940 100 0 0.869756 10807
950 100 0 0.900495 10838
960 100 0 0.906960 10960
970 100 0 0.939850 11155
980 100 0 0.946864 11289
990 100 0 0.911479 11320
